1.0
1.0
1.0
1.0
1.0
1.0
1.0
1.0
1.0
1.0
1.0
1.0
1.0
0.9925566036741501
0.9923745997900847
0.9918560303974411
0.9918331670306155
0.9897314576973133
0.9893674841616772
0.9891488671225885
0.9889671247918157
0.9885444287590048
0.9883055654722159
0.988287810896642
0.9879729898251172
0.9878545210268487
0.9877148390475946
0.9877056352371081
0.9869121491811708
0.9865628881432795
0.986505031370953
0.9863835854572318
0.9860226022512054
0.9860080378055446
0.9857401030362769
0.9856675253534891
0.9855657702571766
0.9854290204216422
0.9854246112836954
0.9854111975220415
0.985235717492041
0.9848472145054702
0.9814960317659427
0.9814901034626378
0.981218703738458
0.9811016124454763
0.9810014086531653
0.9789408175537446
0.9789396219655013
0.9788159182086446
0.978812976455939
0.9788054430002281
0.9783727708487314
0.9780682643304691
0.9779079656395724
0.9778602746730042
0.9778455610703798
0.9777727509714262
0.9765870285204883
0.9755904529971218
0.9754573682365616
0.9752496454754814
0.9750274216308368
0.9749448585222451
0.9749104290619595
0.9748448342527051
0.9744910652388135
0.9709573744404784
0.970287659192855
0.9633630970707528
0.963063060518529
0.9601763851645836
0.959182310058205
0.9588251673714823
0.9568551155247859
0.9474281746229837
0.9458064393226281
0.9383133291363144
0.928411107341548
0.9280958218762103
0.9280561932207532
0.9230032229431048
0.918145576111814
0.9074216112593632
0.9041108325457462
0.901627201227051
0.8910924127626567
0.8691349069824617
0.8652920452516332
0.8583995903943206
0.8146106604060278
0.791836368861216
0.7883595082721646
0.7802329951201209
0.674899151670099
0.663226705020507
0.6597005367986346
0.5958776437579592
0.5675198980515559
0.5636640372531616
0.529649974577123
0.5239345541557094
0.5232633798357665
0.5205448786776097
0.5153937332484855
0.508226272467724
0.49344389402064526
0.4863931326643073
0.4829564626210682
0.4100146499948843
0.3950833166057171
0.3931804670324495
0.3683277997916903
0.3413403627014395
0.34027260563236195
