1.0
1.0
1.0
1.0
1.0
1.0
1.0
1.0
0.99561277367408
0.9951417337089336
0.9949505255292375
0.9932581355428519
0.9932519656579789
0.9931910456127372
0.9926301425363173
0.9925632862527868
0.9920516831385474
0.9908699485244493
0.9908599724924871
0.9898739685436073
0.9898013155406317
0.9897931652597336
0.9897900855973215
0.9897100535847198
0.9897077831523061
0.989485074393657
0.9890743837855926
0.9887274076370051
0.9885709338065246
0.9884984425728554
0.9873944363568283
0.987244445052519
0.9859523717808648
0.9859367476262939
0.9858387943307038
0.9844208960266884
0.9795349400748715
0.9794820472241067
0.9792701019786171
0.9789869410993877
0.9788071938101269
0.9787071764502314
0.9786704199632571
0.9785703684885975
0.9784573243615009
0.9784381602905594
0.9782032615961529
0.9781550714379431
0.9779709323130867
0.9779156259277255
0.9778780155236046
0.9770831743871037
0.9762822074096649
0.9761575128423252
0.9753035135863544
0.9740227874039739
0.9734993697257122
0.9733787264616284
0.9709780261428386
0.9698538064591911
0.9694688829305813
0.968961016719346
0.9607307155572513
0.9605648086705092
0.9548237803684235
0.9542826509751934
0.9497530406242891
0.9453010857265758
0.9362797362666321
0.9160864959748646
0.9149167888099778
0.9049008106806212
0.8848708509800198
0.8723241619783745
0.868972433346908
0.8680402766922861
0.8522197130405464
0.7947838008534521
0.7872281226036202
0.7716321146350938
0.7708900990916238
0.7283049494572039
0.6863018889433511
0.6394094072706118
0.6377660686963663
0.5835056643021431
0.5818403291640221
0.5781076591678869
0.5691559091693906
0.5599446786648632
0.5561904120509812
0.553464523355418
0.5503068529593756
0.5039355160053512
0.4806127254146412
0.46979911363156535
0.4428156375034795
0.4367429214224475
0.3949727904179368
0.3671914181706096
0.359201859673814
0.348006554347904
0.34723082157841945
0.3466840973667533
0.34492351583098624
0.33900558893281646
0.3195155049756744
