1.0
1.0
1.0
1.0
1.0
1.0
1.0
1.0
1.0
1.0
1.0
0.9946098224224088
0.9946056770307768
0.9943955465826998
0.9925771434254819
0.9924057217435842
0.9919321019171478
0.9918512895868568
0.9918492743447302
0.9917049469880034
0.9885706128866011
0.9885337230015815
0.9884605870520371
0.987644716134537
0.9875520849519831
0.9874646152968216
0.9857758767592818
0.9856977280829983
0.9849895035456703
0.9847027897803764
0.9838869119994027
0.9838122974464489
0.9835777816775092
0.9796109526008576
0.9794115485666262
0.9785243571468302
0.9783487417652352
0.9765735090131692
0.9691216172445365
0.9625276426456044
0.958280089991444
0.9561118249900237
0.9556795872071069
0.9392138483344029
0.931334066658257
0.9231004513867911
0.9145813920304806
0.8964397794810577
0.8682344244459747
0.8535999328112429
0.8507009714685712
0.8398006377405893
0.6950973190619675
0.6889368559948391
0.6473917445918203
0.6410763196919668
0.6385594189393042
0.6198786544012374
0.5965356624531518
0.5748288480144191
0.5631280019278198
0.5602117966492308
0.5585174524518967
0.5554646127250262
0.5463477957547362
0.5128803708800836
0.5043094108704573
0.5038519551354461
0.4808267065535721
0.4699263696950956
0.42937763559974745
0.41656814115310886
0.414118422492421
0.3814242874223126
0.38037522593827583
0.3512586282287312
0.34920079069999993
