1.0
1.0
0.9917753049831143
0.9896594560134921
0.988736598775554
0.9880149357185248
0.9878158452583625
0.9876555681947855
0.9853939951660624
0.9852293878877522
0.9822653986778411
0.9789514551149826
0.9778903276689384
0.9752413819215376
0.9752339309794311
0.9750044350852319
0.9744072694089014
0.9705644791630188
0.961528438708816
0.9604197249731186
0.9221396173704604
0.8800148051883446
0.8641569383367983
0.7050742090526882
0.6704241311259418
0.6620523197730533
0.6464979589384934
0.6446725939260983
0.6429504179364862
0.6354768443191186
0.6028851122060866
0.5992044295955198
0.573427436365775
0.5584499150864063
0.5583754861746415
0.5299382009853854
0.5245792417769579
0.5236197567187211
0.5230792321002131
0.5213062866414833
0.5197023400160842
0.511008580647746
0.48323815777276863
0.48282137334877967
0.4238994639859639
0.42241888910868075
0.42123143930909596
0.4208201720436206
0.3649684132539738
0.36202682446976214
0.3399636268334974
0.33494883910994633
0.32849783517242837
0.328216510011546
0.32719388281367107
0.3270330483782196
0.31402464801010616
