1.0
1.0
1.0
1.0
1.0
1.0
1.0
1.0
1.0
1.0
1.0
1.0
1.0
1.0
1.0
1.0
1.0
1.0
1.0
1.0
1.0
1.0
1.0
1.0
1.0
0.9980923606817786
0.991801201190541
0.9903554093623872
0.9875620737152716
0.9829829811767166
0.9712017383438212
0.9534190933667568
0.9471473983295794
0.9315577525035643
0.9311927322941027
0.9296965220213108
0.8763213611331111
0.8380794986751403
0.7950115270360467
0.7655666321841501
0.6878798005250886
0.6479841055364015
0.47024182095744144
0.4483947636046864
0.4459762902848126
0.438598981029674
0.4100297783082661
0.36168603131963106
0.34443348792582673
0.330596862951416
