1.0
0.9923953515230594
0.9920608618401563
0.9919992649017493
0.9918259561026295
0.9881548085717263
0.9875631198725531
0.9870657193274313
0.9863368073642901
0.9861230793343688
0.9856059043768507
0.9852200634283126
0.9817245757450572
0.9791434658623184
0.9781604653437124
0.9745399421170574
0.9704698602066617
0.9600773322968233
0.7698248730062086
0.6953878693712262
0.66824135508107
0.6549469537293504
0.5977400422068838
0.5886696010431375
0.5592056078183629
0.538608529361794
0.5323270116818712
0.5239718047761807
0.5166123360611995
0.5096462031998108
0.5095161308714291
0.42246128198802596
0.4218598490492306
0.4198245481960546
0.4098322723620674
0.399317031193474
0.36302862671004593
0.36182408201035937
0.35215058937830906
0.33314571049069613
0.308586901997127
0.3075829003117071
