0.9870332297093772
0.984989072083778
0.9834473820937286
0.9817075500923732
0.9801866359402305
0.9778790139714768
0.9775780340388679
0.9734382756611454
0.9691771095530646
0.9685608832864193
0.9564705446037165
0.9557510995755385
0.9338589616279156
0.9307716890524611
0.9251237789336723
0.9163501337295729
0.9159554944914478
0.9007906505817006
0.8969331965972746
0.8964328536272301
0.8887022240635212
0.8880565327521246
0.8466080975272823
0.8181403366086784
0.7768866292382917
0.7640552587424606
0.761920482514869
0.7404328516155124
0.7206815334497094
0.7053329960233138
0.6988959486967503
0.6464407479448088
0.6203849451746349
0.6201275174765444
0.6038937929214104
0.575396968022823
0.5605293296629495
0.5580893384747012
0.5314745318899222
0.5278486568750992
0.5140064098153138
0.4988150498532574
0.49582527654070985
0.37673024521589016
