1.0
0.9981517745744537
0.9923071977178223
0.9922578870288048
0.991594310058728
0.9884822502650281
0.9880739242138457
0.9869681263077834
0.9845252840586648
0.9824045156659728
0.9778601342550071
0.9534181715092576
0.946411682966434
0.9454918560936417
0.9435234186307039
0.7469215831291827
0.7247843841643117
0.6714995091631826
0.636605211358606
0.5877929542015272
0.5442293921734863
0.4989752469283171
0.4938420510772323
0.46024347858189646
0.42518679221455663
0.37853842217402334
0.37718758226201415
0.36340077163925216
0.36009250508568363
0.354919215222608
0.3541866045453168
0.35316848940806583
0.33549783010126893
