1.0
1.0
1.0
1.0
1.0
1.0
1.0
0.9999346904838783
0.9997923977811919
0.9986479452388213
0.9981825386401327
0.9968210574270603
0.9916403363634686
0.9916382185551771
0.9902304006541885
0.9902177322400666
0.9901415717535733
0.9884851218498484
0.987982476310897
0.9876087508630492
0.987590257501175
0.9875427425960149
0.9873406842278073
0.9869128007035284
0.9866468559356063
0.986613380359058
0.9865095442328297
0.9849777845360765
0.9846024446731576
0.9840236461352904
0.9839400061668506
0.983501500605207
0.9833521925586706
0.9831696462307105
0.9825528832755918
0.9817367233171355
0.9753359189725168
0.975123168039778
0.9737560691138253
0.9683853376254771
0.9682009092329151
0.9657332978554772
0.9580514644143914
0.956250391174971
0.9550745995210944
0.9536922600162635
0.9534375773009394
0.9532425090079364
0.952468089594532
0.9469833220793225
0.9455049125158091
0.9432756186155545
0.9360074071385928
0.9187515811043101
0.8862021740452074
0.8497103327890301
0.8465439532313449
0.8379470945173174
0.8245468764410063
0.7817608518215108
0.6983015204106156
0.6333743134343455
0.5750901640395538
0.49441954306073493
0.4861791432417283
0.4424743880315152
0.3633613218910245
0.3618737176032437
0.3616501203040867
0.3528583416286832
0.34385890122478985
0.3406630260298604
0.3017487870663148
