1.0
0.9884775590304224
0.9873335862059442
0.9856558549188643
0.984965845050536
0.9818052266483455
0.9802476239818532
0.9790319514440591
0.961890749688661
0.9602558691847399
0.9573200088767883
0.9503783407543499
0.9494158572109705
0.9466994967653954
0.9337279476808682
0.9336794723655718
0.907742086047586
0.8969228364528332
0.8968686020045645
0.8962331202631061
0.8842782350383465
0.8236202811620157
0.815672472612015
0.8094717546329548
0.8041772180281029
0.7879292059456106
0.7854771832338562
0.7641599431719617
0.7138396158132092
0.6592049903628509
0.6391574167390585
0.6193816852030322
0.5949053243863953
0.5481255411349344
0.5380475420355476
0.47879015232608807
0.4759866336035704
0.43822377284368874
0.39597343238950117
0.3432349723713092
0.30490088361321227
