1.0
1.0
1.0
1.0
1.0
1.0
0.9951707087512885
0.9945911037302202
0.9926777889107586
0.9889902563941936
0.9885145453465058
0.9879543476429163
0.9879472189377118
0.9878143704314237
0.9868171099369043
0.986714519019782
0.9859493056036625
0.9858484156373605
0.98562936387005
0.9851134092491115
0.9838174387758908
0.9819008520765498
0.9799002419882502
0.9791904386758296
0.9786826108421164
0.9769947229566678
0.970063078131315
0.9685026439985905
0.9660307286675061
0.9643112982478014
0.9613299584438467
0.9566745879889659
0.9563315130602624
0.9493575489269115
0.9341289840251582
0.919996977700529
0.9024310227068291
0.8969333324959925
0.8506885768026173
0.7808764348315009
0.7587047935789243
0.758686545334456
0.7372398291123466
0.714581268633941
0.6812873425998132
0.6787990931658936
0.6310131591786324
0.5991877103754454
0.5779804663157946
0.5772351145269938
0.5412162337438471
0.5235793690218427
0.5161411233708056
0.5143287332385198
0.5017727876708027
0.39089700392807175
