1.0
1.0
1.0
1.0
1.0
1.0
1.0
1.0
1.0
1.0
1.0
1.0
1.0
1.0
1.0
0.9992809329813153
0.998704932008103
0.9985001507607512
0.9978129401317016
0.9978061622708823
0.9968325890970554
0.9968284338159783
0.9923102942577691
0.9922693961755347
0.9917032395431061
0.9901861516187356
0.9880466154361222
0.9876415258781631
0.9875969493574741
0.9872489687292327
0.9859440832933978
0.9859308048752989
0.9857006874942669
0.9846699567960305
0.9841996647894382
0.9838555266696334
0.9832659488856413
0.9830513586443856
0.9816338618460166
0.9753860031271754
0.9742575015982463
0.9730264685387086
0.9725831621501307
0.9723838321315182
0.9680201871983034
0.9677088167123901
0.9675327348715622
0.9534555133750944
0.9534432323041313
0.9532978015398448
0.9532295296947997
0.9441430370050938
0.9417021202674121
0.9380076644374372
0.9373932254864593
0.9361660634516799
0.9231820687840487
0.9186103078824805
0.9110975383094518
0.8727264861240779
0.8536581240076926
0.8319556318297071
0.782275965584819
0.7365986325000714
0.6029306958839374
0.5196663071959876
0.45708518173427737
0.3774765522749884
0.3637190417712508
0.3615206248793523
0.3592043807304728
0.321527688219466
