1.0
1.0
1.0
1.0
1.0
0.9923534082676602
0.9902102645454612
0.9868466078375326
0.9850172831975121
0.9841606109166183
0.9838329416447222
0.9834601207915935
0.9818274894038833
0.9778550869791244
0.9756050196072878
0.9742329939794832
0.9728334712407494
0.9725806419466264
0.9724259345323376
0.972406912202122
0.9691588271466539
0.9680264311342858
0.9678935779810635
0.9656346350381049
0.9655474760653652
0.9601977410059925
0.9564584133781946
0.9464868029853885
0.9374564276980208
0.9371677163974461
0.9361634083663387
0.9066012121836396
0.7626439936809589
0.6363629746308485
0.5884727609449194
0.5870361666070182
0.556335539729033
0.5223583165021966
0.49672978341543983
0.472104512777977
0.45579138288375964
0.4353779945242801
0.42595748444767817
0.40325201113079123
0.32786830098983116
0.317784101537547
0.3123517994329574
