1.0
1.0
1.0
1.0
1.0
1.0
1.0
1.0
1.0
1.0
1.0
1.0
1.0
1.0
1.0
1.0
1.0
1.0
1.0
1.0
1.0
1.0
1.0
1.0
1.0
1.0
1.0
1.0
0.9928977627229338
0.9915300048962437
0.9914310406271032
0.9875565082151
0.9842067325342579
0.9820184756034431
0.980390964823605
0.9745164121128016
0.9703767073371473
0.9647722844043951
0.954097618172004
0.9534031903929515
0.9414297230340472
0.9399360644291884
0.9316602976043177
0.9307751534871367
0.9277547463827029
0.9199097121702638
0.8958959866980454
0.8335142842814566
0.7805656296886464
0.7279025561651004
0.6400841244914961
0.4428077094542332
0.4274165725617672
0.3787601703506796
0.3673571991833938
0.33906691988545307
0.3036072692804559
