1.0
1.0
1.0
1.0
1.0
1.0
1.0
1.0
1.0
1.0
1.0
1.0
1.0
1.0
1.0
1.0
1.0
1.0
1.0
1.0
1.0
1.0
1.0
1.0
1.0
1.0
1.0
1.0
1.0
1.0
1.0
1.0
1.0
1.0
1.0
1.0
1.0
1.0
0.9952884626276051
0.995118652622769
0.9950853938872887
0.9950279378637751
0.9950219314034501
0.9949946508568467
0.9948451080644669
0.9936482562116071
0.9935985831411047
0.9932645971350381
0.9932410747929545
0.9932128796299459
0.9925613104816332
0.9925589581955995
0.9924354961805409
0.9917749773210168
0.9908746954423467
0.9902226418215494
0.989809759063122
0.9897209202087882
0.9891833689319166
0.9858037571677518
0.9826053887145073
0.9807182894196369
0.9794218901073125
0.9793882587642668
0.9791023163171408
0.9790124758608323
0.9784923798106727
0.9777113556448987
0.9774211386440098
0.9772249084569588
0.9755513529090221
0.9699482215896823
0.9590118142036448
0.9436400070142078
0.9377251492414438
0.7148725234458022
0.7058914661992904
0.7002158601995632
0.6826407345956165
0.6763164315295375
0.6374675776010535
0.5659789140711821
0.5562048604418703
0.5469862575149703
0.5227239526795867
0.51421193610844
0.4419773799078758
0.43835224781805454
0.4377830397764378
0.3480210144825964
0.34750057228457376
0.32907373933512396
0.31918494454154017
