1.0
0.9925901265944627
0.9888062198246396
0.9886868399672318
0.988675027826731
0.9874078499455308
0.9867908647433176
0.9862013403666661
0.9861229491939456
0.9849817178433345
0.9848370480049036
0.9847977869742892
0.9797877313802549
0.9785906555329595
0.978463648480963
0.9779787431677883
0.9616024113334458
0.6471746107306472
0.6436054077724823
0.5667453316529693
0.5601909378867871
0.5353267177836449
0.5189597357023132
0.5174549565777755
0.5089625568026029
0.4945267712459184
0.41096388907737125
0.4046681028400664
0.3910052286196466
0.36485848994157555
0.35947321539943083
0.342465529534764
0.32746343313968007
0.32652669020917213
