1.0
1.0
0.9926630392354326
0.9923295110572583
0.9922466066250729
0.9889476957840042
0.9888682316808252
0.988666498316031
0.9884866775030191
0.9884860884542445
0.9879814069333855
0.987463530119885
0.986825766177797
0.9867087154064138
0.9864616913523443
0.9864424415252847
0.9861670205966454
0.9860425355281979
0.9859866518862243
0.9858336891511692
0.9857640419132306
0.9856559743204801
0.9854664949452437
0.9854095001804817
0.9852995912923024
0.9843014860100123
0.9837486339114572
0.9822117310293446
0.9809166563469905
0.9799085146947151
0.9797136214595039
0.976736401919375
0.7885060460842457
0.7173272987324839
0.691051710629318
0.6650278926660825
0.6628804960526209
0.6478272811095003
0.644375492481107
0.6014310943157034
0.5614446790006082
0.5381425294618922
0.5259358585875236
0.5253885228438063
0.5151891201306114
0.513452853652893
0.5130805537327099
0.4911941180221748
0.41113685743928197
0.41043130443567627
0.4098747774638023
0.39085632132381937
0.34254353295344925
0.3274134000847014
0.30895390936009065
