1.0
1.0
1.0
1.0
0.995579400824639
0.9954447782251036
0.9954145655757611
0.9948068095696903
0.9934765847195038
0.9918415361059303
0.9898804044248692
0.989064521025617
0.988106899398577
0.9872870559856541
0.9865157369646165
0.9794303479036026
0.9793916226121291
0.9791812236712203
0.9790500197892726
0.9790182811133619
0.9787343847870851
0.9735306453573791
0.9728482591646345
0.9708706472794332
0.9659483879801687
0.9532543887625712
0.9220064826811983
0.893306345810987
0.8740620647198364
0.8635715573965776
0.8630290609216421
0.8589139377178159
0.8085081292892905
0.8023286917847883
0.768453376203272
0.7283748416985889
0.707005924980755
0.7044398726387837
0.670095813420291
0.5789622135232548
0.564073128702388
0.5635064541814122
0.5453162020867982
0.4808420270251866
0.4729522165207593
0.46668267277930514
0.43886865701534666
0.3949208813087519
0.3745443351333182
0.3577121997182711
0.3467092973687882
0.3452241620510155
0.3347861635077511
