1.0
1.0
0.9943136559100924
0.9918895251324289
0.9914045503183931
0.988910305273217
0.9880878237679662
0.9865366256599085
0.9863319416982037
0.9858153787990552
0.9689428198576625
0.9623126615008927
0.9616565739015458
0.9612354285989649
0.9588755361486634
0.9493804259896668
0.9491765707987079
0.9151904492056758
0.9055940734396432
0.8795877587836924
0.8644553503291398
0.8370074760819634
0.8118324760222734
0.8075659861714999
0.7869648402500441
0.6622615063955631
0.6342501327738079
0.5055573215889836
0.49714657198328177
0.4770475401489207
0.34366955741937927
