1.0
1.0
1.0
1.0
1.0
1.0
1.0
1.0
1.0
1.0
1.0
1.0
1.0
0.9988023417830499
0.9983800732409024
0.9970827086425519
0.9923550303219058
0.9918879739534834
0.9916885410988872
0.9916856292367127
0.9884048659295079
0.9874476854288322
0.9874407496492237
0.9869249270686983
0.986494204855266
0.9852155942020989
0.9843471600531234
0.9738431706893002
0.9726964614119282
0.9277487481225996
0.8973927702341801
0.8969559298850385
0.8541501596397476
0.802742220771786
0.7687041337361521
0.7051060754829068
0.6890775233476003
0.672311931113833
0.6693947414717787
0.6608363616530805
0.6576668492421262
0.6438870466793783
0.6386830420447793
0.6175966850155906
0.6098353745544479
0.5994771829877455
0.5843665571447988
0.549462280391633
0.5070063477509914
0.5064287175156091
0.4997722492516264
0.48659419926875813
0.48583978504247255
0.4566898238520441
0.45267404958759666
0.44674426243341125
0.4295167694215641
0.4274735121646003
0.4243837466454047
0.36445248765454014
0.3644039097686939
0.36352828722143715
0.3630756377055458
0.3625887485789018
0.3429753090185444
0.30878340857382963
