1.0
1.0
1.0
1.0
1.0
1.0
1.0
1.0
1.0
1.0
1.0
1.0
1.0
1.0
1.0
1.0
1.0
1.0
1.0
1.0
1.0
1.0
1.0
1.0
0.9950336713016649
0.9946596158650182
0.9945755766632705
0.9944746482086968
0.9926910379852419
0.9926105000650316
0.9919356291409235
0.9887012768138372
0.9886565031746238
0.988444610158476
0.9879455602975911
0.9878762295267315
0.9876740742328827
0.9876720291313117
0.9865898865948523
0.9862190149087838
0.9860891897108434
0.9860341045770455
0.9858232313951094
0.9858128496434976
0.9857834387518724
0.9849777584110802
0.9849070149148856
0.9846877460140243
0.9839651816010094
0.9817300014121141
0.978580583139675
0.9717662546352033
0.956323260416288
0.94453008478639
0.8983673369244594
0.8966264059867284
0.8475507937446926
0.7353247227180232
0.7186563432530523
0.6840839344707114
0.6479621256554139
0.6218177587931325
0.5992115569244089
0.5587485435748317
0.4753164861309447
0.46317310769267733
0.4618529811810936
0.4592148652142012
0.4083398387974537
0.37670466908555744
0.3424096252003673
0.3422816440488309
