1.0
1.0
1.0
1.0
0.9952491812801092
0.995181191745705
0.9949143181769278
0.9935851952058735
0.9897339442233478
0.9897034170644736
0.9894078854250776
0.9889956436985714
0.9885350517259338
0.9880093501405132
0.9873246313149946
0.9868002442973484
0.9844471489944446
0.9820989728369457
0.9793556786298754
0.9782234174227055
0.9782183663243823
0.9780403884923718
0.9734207881546459
0.9443418147619124
0.9371988640386755
0.8490106153758052
0.7933688377348711
0.7148351672538075
0.6833037610527973
0.6682811477796069
0.661214939363149
0.6598615735276708
0.6377735764008013
0.6328969071338225
0.5753855011783358
0.5751212024824842
0.5709918891317395
0.5690099438888417
0.5673077033772403
0.5668756407396384
0.5597250232889376
0.5566363291126203
0.5555819353469069
0.5515246150019142
0.5017984292939097
0.459328666131893
0.3883946886075088
0.374460865233848
0.3743053703332845
0.36020443233462895
0.3467846348212456
0.3448667975263179
0.3447765779132607
0.34358238792064844
0.34211859913456105
0.32493313814396246
0.3146286096547642
