1.0
1.0
1.0
0.9921601692612168
0.991398807103746
0.9885848168268968
0.9881890856095442
0.9877197366476395
0.9875901973799933
0.9872996643782652
0.9867345796584989
0.9866811297876877
0.9863623198861874
0.98614059959477
0.9860219598633827
0.9859996419254596
0.9858695208437939
0.9857679530647065
0.9853099811813033
0.9851391611742778
0.9799284823116451
0.9786039681780923
0.9761274451114237
0.9760469383826
0.9748776507670031
0.9744396247098452
0.9743022239503332
0.6608728982751755
0.5980218526610026
0.5919022879613363
0.5331743848451308
0.5294520514145501
0.5208319547003717
0.5135279207447131
0.41211955883893275
0.3611850971071228
0.33961487160368403
