1.0
1.0
1.0
1.0
1.0
0.9948855349477549
0.9936461963972297
0.9936163886261501
0.9935174143467935
0.9932678994819818
0.9907165670330305
0.9896032794439124
0.988288588284976
0.9873118774440074
0.9872609561532101
0.986403018451511
0.984587070357157
0.9844839818384368
0.979473826009091
0.977856103289544
0.9758795715230543
0.9591577797908223
0.9481348917204218
0.6632303525478271
0.5522570439377025
0.5505805449566619
0.5443002235680827
0.5351474874424546
0.5103483862916729
0.4861650832974963
0.48151524736065304
0.4425671775478553
0.39757534809566586
0.38329261882995275
0.3634123507884437
0.35873609176277366
0.32111330362179447
