1.0
1.0
1.0
0.9877920047323253
0.9869285275592822
0.9866728491517976
0.9858213470383097
0.9858088666871356
0.985608107817556
0.984833113315028
0.9819841559244964
0.9815293702029402
0.9789569251957068
0.9769294571067104
0.9754560113687766
0.9746136501497144
0.9745231340758856
0.9724706373444003
0.9709875139578815
0.9704931092928942
0.9637857480578098
0.9636901417062164
0.9553102029404227
0.9328665502011287
0.5460321455595251
0.40312636487522896
0.3911030686004645
0.3812584749640633
0.3621273562083623
0.35004780331464624
