1.0
1.0
1.0
1.0
1.0
1.0
1.0
1.0
1.0
1.0
1.0
1.0
1.0
1.0
1.0
1.0
1.0
1.0
1.0
1.0
1.0
1.0
1.0
1.0
1.0
1.0
1.0
1.0
0.9948680110857073
0.9946830654334721
0.9946713302851221
0.9913307432301677
0.9913185244790638
0.9879288720368925
0.9878797728716572
0.9857167459028806
0.9847422995885713
0.9795985099046249
0.978412982276999
0.9771875498723462
0.7318863852056369
0.6823770595882448
0.6759457562194912
0.6715081154670204
0.658200124262702
0.6010208809503693
0.5762185282735086
0.5569099169539681
0.5553697509572734
0.5396036405459578
0.5313342434850259
0.522551340644718
0.5045855671231462
0.4716458418054176
0.4651480800002729
0.46436102586749567
0.3813330016896497
0.3747037693167547
0.34931329712820797
0.3417108523832878
