1.0
1.0
1.0
1.0
1.0
1.0
1.0
1.0
1.0
1.0
1.0
1.0
1.0
1.0
1.0
1.0
1.0
1.0
1.0
1.0
0.9991728973957466
0.9978062697009529
0.9968510462355125
0.9933167113916149
0.9927784036028
0.9914626998196304
0.9875737191861045
0.9868495091130908
0.9864762813112649
0.9839852647366769
0.980819047706114
0.9777871114118746
0.9748314047262536
0.9658743619324547
0.9559912255247891
0.9365313813209306
0.8624868765729468
0.8511777446808074
0.768122070107638
0.7495866518936672
0.6952378273676281
0.6906769038826867
0.687164992160085
0.6812323826290995
0.6367753247528757
0.6244227543829763
0.6181115705883666
0.6090298469834423
0.5997013491405468
0.5547856685228884
0.5345119582547108
0.5235788600904363
0.5229353299944873
0.5068499296976909
0.5058709942141645
0.5006508086452016
0.4571500812167986
0.456780601211844
0.43958227032479597
0.4386866017246432
0.36145518719223557
0.35336286602713973
0.33408488801796304
0.3213203811089871
0.3212148992812798
0.31869812816918097
0.3179238203542479
