1.0
1.0
1.0
1.0
1.0
1.0
1.0
1.0
1.0
1.0
1.0
1.0
1.0
1.0
1.0
1.0
1.0
1.0
1.0
1.0
1.0
1.0
1.0
1.0
1.0
1.0
1.0
0.9951301568828862
0.9947367737991535
0.9945278554335727
0.9939073516413997
0.9926750297796104
0.9920741000581296
0.9919893495449879
0.9918605831887705
0.9914159856484722
0.9909530440974862
0.9888434301303882
0.9885662620877386
0.9877228998102527
0.9857193143809982
0.9855332676130026
0.9854737356632464
0.9850334501845709
0.984843476765161
0.9848266750755498
0.9845495642821016
0.9845065881586037
0.9828069836049677
0.9817267239244674
0.9802766152165882
0.978859396292516
0.9782491670734808
0.9736903540844932
0.9691918643124892
0.9616408554808688
0.895360796857533
0.7897885514595628
0.710544165747124
0.7023943442965017
0.7023828947188008
0.6746356414486402
0.6281176349076997
0.62591581340961
0.5589637328732868
0.5488139151172093
0.41883050814030653
0.37448565011726154
0.37412943700153317
0.34237694397233004
0.30392584265604977
