1.0
1.0
1.0
1.0
1.0
1.0
1.0
1.0
1.0
1.0
1.0
1.0
1.0
1.0
1.0
1.0
1.0
1.0
1.0
1.0
1.0
1.0
1.0
1.0
1.0
1.0
1.0
1.0
1.0
1.0
1.0
1.0
1.0
1.0
1.0
1.0
0.998784488858586
0.9980319900457065
0.9977340669271226
0.9972627712072898
0.9925092952460169
0.9915995136458768
0.9915771529295193
0.9911382507549011
0.9901898887867395
0.9881788063750908
0.9881737496862779
0.9879176806802551
0.9874975639354461
0.9865340718749269
0.9863822761237789
0.9859401724617608
0.9841412140558919
0.9832830773285324
0.983254814047851
0.9826240540351693
0.9816194752656867
0.9809183259115571
0.9674745952558937
0.9521810541779365
0.9235867780556315
0.9232235179084864
0.886214833121435
0.6311277972936565
0.6283609380407654
0.6224235862233772
0.5404697841185259
0.5198989240634595
0.494637788561011
0.4783735414706115
0.4717720564811861
0.4290946453240682
0.4251815391545716
0.36301086280143596
0.36179270266992475
0.34022855198561286
0.32038348344621387
