1.0
1.0
1.0
1.0
1.0
1.0
1.0
1.0
1.0
1.0
1.0
1.0
1.0
1.0
1.0
1.0
1.0
1.0
1.0
1.0
1.0
1.0
1.0
1.0
1.0
1.0
1.0
1.0
1.0
1.0
1.0
0.9949283812626377
0.9947691305909825
0.994658381053799
0.9919677993832637
0.9917683878549087
0.988987833516596
0.9878295042191355
0.9864723112712838
0.9864066682331553
0.9861191170203768
0.9857127165320829
0.9856896282314537
0.984933699162089
0.9846428538792129
0.9846186860104981
0.9819236716023279
0.9789271294581874
0.9688087036324033
0.9623300670637325
0.9558473921003503
0.7761866649438237
0.7177779632074617
0.7014659747030249
0.6694583092304097
0.6601408698617816
0.6574375465145814
0.6572067782126843
0.6451302660647269
0.6378934773982915
0.6366762533888843
0.5984557411563558
0.5839724247582321
0.5673390425336572
0.561032470399101
0.5482670762842944
0.4870007510111261
0.4151775792879426
