1.0
1.0
1.0
1.0
1.0
1.0
1.0
1.0
1.0
1.0
1.0
1.0
0.9949698547576343
0.9949438258436482
0.993623382392534
0.9935009148384215
0.9934961155415797
0.9932691860213119
0.9925379665590603
0.9923065640862122
0.9920057006906468
0.9918825546502361
0.9898507528194831
0.9897891783420396
0.9879744263753379
0.9865911470895241
0.9859466998880176
0.98593231517428
0.985487063989971
0.9844671111472199
0.9842828370955088
0.9787012504697075
0.9782259107840425
0.9782139416442369
0.9779175510771745
0.9769116015069426
0.9734602549216013
0.9731338796566962
0.9723161286444013
0.9697168576427299
0.9696759656494383
0.9659085291778383
0.9564961863766049
0.9473594873084418
0.9427764755278925
0.9367199169311599
0.9134374402847918
0.9056691967410258
0.9046641337224715
0.8859013409045319
0.7487303068288759
0.673489834453579
0.6205344341254952
0.6106239916244863
0.5485766138798198
0.5031902911878454
0.49494705923922583
0.48215774995086064
0.37011200135062544
0.31112535667574204
