0.9864431474975452
0.9864016719719354
0.9862798459903559
0.9851324225385351
0.9849528548830958
0.9836680507353006
0.9833393853423888
0.9823569878149789
0.9798075945020718
0.9790824037712462
0.9789015345446295
0.9788343517102743
0.9787892991751374
0.9782279213330939
0.9772328328093702
0.976341719335757
0.9756656586289101
0.9748695671554535
0.9747885204891552
0.9744131721354192
0.9742874310854832
0.974231923815125
0.9742311250720592
0.9738402180156223
0.9714240281550336
0.9707389553699002
0.9618878544524883
0.961646162779824
0.9589319010152677
0.9584571380993702
0.9502823984351914
0.9489876485949853
0.9380684669797132
0.9247293407702843
0.9225371475292989
0.9019429986832882
0.8705964431124695
0.5091855274718733
0.49368424069951966
0.4857827219137336
0.42097908128457495
0.4156051495382776
0.39215007882482467
0.3622688765465181
0.3589125087351898
