0.9955762253879828
0.9952313363896423
0.995050007862761
0.9950093429586866
0.9843725976812311
0.9795531157931925
0.9793331106875318
0.9791377501253338
0.9790693164691977
0.9789791007976469
0.9789690689964127
0.9788926783975568
0.9785670271926437
0.9782384580217389
0.9780216294314411
0.9769095266176722
0.9732498831202475
0.9709957301794119
0.9700064482753028
0.966109059179174
0.9660780079427627
0.962065882008048
0.9598844918277596
0.959072820507981
0.9590618002763626
0.9557464093309211
0.9557094589913855
0.9555745659323679
0.9532626061382089
0.9532103771105419
0.9415977807968228
0.9356751126663558
0.9338976328332177
0.9335766786933607
0.9190372278911679
0.9101122425810647
0.905491711590566
0.9044592498838621
0.9010531398466545
0.8795508276826027
0.8681973985829253
0.8646000431029778
0.8417380707494264
0.8407086003004038
0.8171300728247289
0.7748623666396426
0.7736669137268641
0.7720854438846829
0.7547692057374339
0.6405566273123771
0.6079770601951178
0.554690378765149
0.5311636709640323
0.4413966326962269
0.42551559384147514
0.38501072379928936
0.3621843693026494
0.3455638165536265
0.3199030515826157
