1.0
1.0
1.0
1.0
1.0
1.0
1.0
1.0
1.0
1.0
1.0
1.0
1.0
1.0
1.0
0.9980849675204266
0.9980009676103478
0.9962648209841258
0.9946571626128181
0.9914681275800263
0.9914329061024622
0.9863300202547093
0.9863130206125403
0.9854479274452849
0.9689118851059684
0.9669510777071909
0.9580686799375726
0.9546832079823249
0.9532739269872454
0.9498911258967232
0.9440480719513892
0.9358916964510391
0.9300359698124074
0.9115804122901903
0.901750488096261
0.8908175067170502
0.883922819852608
0.8815979037626405
0.8617667949977549
0.8573393342773401
0.7470965459818706
0.7095057769933588
0.6873717294472755
0.6870769570173366
0.6781387073070818
0.5760245965112883
0.5516115634435206
0.5509861945712518
0.4721166705922386
0.4625166986219245
0.43899170329461124
0.40998887565567665
0.4071512375440269
0.4063043641630809
0.3900609710787294
0.3651288748012854
0.3635348720869056
0.36249970078524857
0.3596600457922329
0.35733956067991235
0.3557967134746334
0.35173288452948126
0.3379049147980165
0.33767712297379904
0.32255961056413335
