0 0.5784374999999999 0.5541562499999999 0.07081250000000008 0.07084375000000005
0 0.43315625 0.7129687499999999 0.049156250000000054 0.05878125000000001
0 0.40646875 0.9060625000000002 0.04353125000000002 0.05456250000000011
0 0.48693749999999997 0.7932500000000001 0.05262499999999992 0.037124999999999984
0 0.5740937500000001 0.7767499999999998 0.062124999999999986 0.056218750000000026
0 0.747375 0.7429062500000001 0.06600000000000002 0.057937500000000065
0 0.8989687500000001 0.6745625000000001 0.061156250000000155 0.05571874999999995
0 0.6374375 0.9054062500000001 0.04996875000000003 0.04890624999999993
0 0.7519375 0.8557187500000001 0.07074999999999995 0.05799999999999983
0 0.87271875 0.86290625 0.08243749999999998 0.06799999999999998
0 0.9859375 0.734375 0.028125 0.06875
0 0.89746875 0.9342500000000001 0.05818750000000002 0.0458124999999999
0 0.975 0.9546875 0.05 0.053125
0 0.7823125 0.9661249999999999 0.049124999999999995 0.04453125
0 0.70490625 0.9702500000000001 0.05478124999999991 0.03978125000000006
0 0.8929375 0.7643437500000001 0.07074999999999995 0.04875000000000007
0 0.52446875 0.8870000000000001 0.060812499999999936 0.0567499999999999
0 0.4194375 0.5649062499999999 0.06409374999999998 0.057656249999999964
0 0.31903125 0.7059687499999999 0.062156249999999955 0.04828124999999996
0 0.30481250000000004 0.8338125000000002 0.06781249999999997 0.048281250000000143
0 0.5164375 0.4346562499999999 0.05356249999999996 0.04546875000000004
0 0.53625 0.27837499999999993 0.051406249999999966 0.06696875000000002