0 0.45912500000000006 0.4641875000000001 0.049125000000000085 0.05484375000000004
0 0.578125 0.7291875000000001 0.06381250000000005 0.06734375000000004
0 0.5078437499999999 0.7847500000000001 0.050156250000000034 0.06178124999999994
0 0.55071875 0.8636874999999999 0.04962499999999999 0.06234375000000014
0 0.4370625 0.8520312499999999 0.04559374999999992 0.06943750000000008
0 0.72503125 0.5690312499999999 0.05818750000000002 0.06675000000000005
0 0.33381249999999996 0.6497499999999998 0.05731250000000001 0.07593750000000003
0 0.23234375000000007 0.7215624999999999 0.057343749999999985 0.06225000000000005
0 0.14000000000000004 0.86521875 0.03503125000000003 0.05524999999999984
0 0.7288125000000001 0.8385625000000001 0.05059374999999999 0.06790625000000006
0 0.6319062500000001 0.89365625 0.04959375000000001 0.05118749999999998
0 0.8310625000000001 0.95865625 0.05715624999999989 0.059250000000000115
0 0.8802812500000001 0.7626874999999999 0.04393749999999983 0.0734375
0 0.9432187500000001 0.8283437500000002 0.047968750000000074 0.04750000000000014
0 0.58040625 0.6258125 0.06337499999999992 0.06346875
0 0.594375 0.40881249999999997 0.05571874999999995 0.05065624999999998
0 0.8726875 0.36106250000000006 0.05918750000000017 0.05684374999999999
0 0.36478125000000006 0.7537187500000002 0.04818749999999996 0.07584374999999995
0 0.259 0.79534375 0.04468750000000003 0.05759374999999993
0 0.36578125000000006 0.9090624999999999 0.05021874999999998 0.06171875
0 0.579 0.965625 0.06403125000000003 0.06706250000000011
0 0.6453749999999999 0.7900312499999999 0.051156250000000014 0.05203124999999993
0 0.28028125 0.8994062499999999 0.04668749999999999 0.052593750000000127
0 0.20221874999999995 0.9019375000000001 0.05290625000000002 0.04743749999999984
0 0.4188437499999999 0.6410312499999999 0.04978125000000002 0.07371874999999992
0 0.6943750000000002 0.9598125 0.042593749999999986 0.06171875
0 0.8280937500000001 0.8499062500000001 0.051156250000000014 0.060000000000000143
0 0.7075624999999999 0.69915625 0.06896874999999998 0.08340624999999999
0 0.13140625000000003 0.31409374999999995 0.04834375 0.06946874999999997
0 0.14715624999999993 0.3999062500000001 0.04937499999999999 0.06850000000000005
0 0.11518750000000004 0.9529687500000001 0.05646874999999999 0.06325000000000003
0 0.0171875 0.3125 0.034375 0.08125
0 0 0.4515625 0 0.059375
0 0.0109375 0.5859375 0.021875 0.059375
0 0.058812499999999976 0.42456250000000006 0.04321874999999999 0.056937500000000044
0 0.0908125 0.5163125000000001 0.050718750000000014 0.07028125000000003
0 0.12249999999999997 0.6019687499999999 0.04575 0.06768750000000008
0 0.053749999999999964 0.6466562499999998 0.0493125 0.05962499999999995
0 0 0.7015625 0 0.065625
0 0.009375 0.7640625 0.01875 0.059375
0 0.0140625 0.846875 0.028125 0.06875
0 0.0841875 0.8745625 0.04525000000000001 0.05871874999999989
0 0.003125 0.946875 0.00625 0.05625
0 0.13284374999999998 0.21165625000000005 0.042062500000000023 0.04262499999999998
0 0.05756250000000005 0.1590937500000001 0.03925000000000001 0.03978125000000001
0 0.0140625 0.384375 0.028125 0.04375
0 0.24662500000000004 0.53678125 0.042906249999999965 0.04574999999999996
0 0.827375 0.67528125 0.050437499999999955 0.0625
0 0.3109375 0.021875 0.053125 0.04375
0 0.506375 0.5612187499999999 0.045218750000000085 0.05740625000000001
0 0.18137500000000006 0.5468437500000001 0.050562500000000024 0.05387500000000003
0 0.3848750000000001 0.9658750000000002 0.04328125000000003 0.049093750000000116
0 0.8791875000000001 0.5073437500000001 0.04974999999999987 0.04271875000000005
0 0.6852812499999998 0.45056250000000003 0.05481250000000006 0.05421875000000007
0 0.18746875000000002 0.64540625 0.04515624999999999 0.04718750000000007
0 0.269125 0.6447812500000001 0.04006249999999998 0.04337499999999998
0 0.72578125 0.355875 0.05543750000000003 0.05484375000000004
0 0.8138124999999998 0.40656250000000005 0.05290624999999993 0.05037500000000002
0 0.3320625 0.8453125 0.04934374999999998 0.053125
0 0.9194687500000001 0.6765625 0.04296875 0.053125
0 0.37109375 0.5421875 0.05871875000000002 0.059375