0 0.92421875 0.04290625 0.05215625000000017 0.041625
0 0.8685937500000002 0.12840625 0.046875 0.05803124999999999
0 0.9743749999999999 0.18653124999999998 0.03759374999999991 0.07265625
0 0.7610312499999999 0.042249999999999996 0.06150000000000002 0.07125000000000001
0 0.7224062499999999 0.29390625 0.05050000000000008 0.04887500000000004
0 0.9743749999999999 0.33565625 0.03759374999999991 0.05728124999999995
0 0.834375 0.35003125 0.049125000000000085 0.06390624999999997
0 0.91828125 0.35578125 0.04024999999999999 0.04890625000000002
0 0.8021249999999999 0.51353125 0.06415624999999991 0.09053124999999991
0 0.6892812500000002 0.48790625 0.04609375 0.056937500000000085
0 0.6420000000000001 0.6074375 0.04875000000000007 0.061843750000000065
0 0.9553750000000001 0.47353125 0.0614374999999999 0.06796875
0 0.8219999999999998 0.6624375 0.042062500000000114 0.04378124999999997
0 0.765625 0.9890625 0.0625 0.021875
0 0.57421875 0.75646875 0.04124999999999997 0.06393749999999994
0 0.7276875 0.66190625 0.05225000000000009 0.06918749999999996
0 0.8891249999999999 0.7670625 0.04381249999999994 0.049812499999999996
0 0.8546875 0.9261250000000001 0.0455937500000001 0.04990625000000008
0 0.953625 0.88659375 0.049093750000000116 0.07240624999999987
0 0.5560937499999999 0.9458125000000001 0.04921875 0.04946875000000013
0 0.6633749999999999 0.8858750000000001 0.04287500000000009 0.062156249999999955
0 0.6779375000000002 0.762375 0.04553124999999998 0.05809374999999992
0 0.8782812499999999 0.55196875 0.03534374999999983 0.08350000000000009
0 0.7355625 0.873875 0.045906249999999996 0.06906250000000007