0 0.2650625 0.43890624999999994 0.039437500000000014 0.03693749999999998
0 0.32328125 0.49431250000000004 0.030906250000000045 0.04546875000000004
0 0.50509375 0.7485937499999998 0.036531249999999994 0.042624999999999955
0 0.4965625 0.84375 0.036531249999999994 0.03978125000000006
0 0.56046875 0.9460312500000001 0.03368749999999991 0.045468749999999857
0 0.3985625 0.5 0.045093749999999974 0.0625
0 0.43121875000000004 0.46875 0.04221874999999997 0.04546875000000004
0 0.17415624999999998 0.6179062500000001 0.04512499999999999 0.059656249999999925
0 0.21675 0.7670312500000002 0.039437500000000014 0.05681250000000002
0 0.23665625 0.9019999999999999 0.04512499999999999 0.05396874999999994
0 0.26078125 0.8764062500000002 0.030906250000000045 0.05396874999999994
0 0.28209375 0.8110937499999998 0.039437500000000014 0.05396874999999994
0 0.4298125 0.7727187499999999 0.039406250000000045 0.0625
0 0.326125 0.6477187499999999 0.04793750000000001 0.0625
0 0.24515625000000002 0.6619375000000002 0.039437500000000014 0.05681250000000002
0 0.49796874999999996 0.6292500000000001 0.03368749999999991 0.04828124999999996
0 0.36021875 0.5894999999999999 0.04793750000000001 0.05396874999999994
0 0.37584375 0.6647812500000001 0.04509375000000002 0.051125000000000045
0 0.1491875 0.47084375000000006 0.04231250000000002 0.059656249999999925
0 0.27215625 0.5667500000000001 0.04793750000000001 0.042624999999999955
0 0.43834375000000003 0.6278437499999999 0.03371875000000006 0.04546875000000004
0 0.036375000000000005 0.55965625 0.048 0.06818749999999998
0 0.30625 0.36931250000000004 0.030906249999999958 0.051125000000000045
0 0.20256249999999998 0.53409375 0.04512499999999999 0.051125000000000045
0 0.26421875 0.32540625 0.036625 0.04771875000000003
0 0.16009374999999998 0.32106250000000003 0.03231250000000001 0.03471875000000004
0 0.03646875 0.6627187500000001 0.041 0.05421875000000007
0 0.27290625 0.21693750000000006 0.036625 0.04771875000000001
0 0.2316875 0.20934375000000002 0.036625 0.03687500000000001
0 0.21974999999999997 0.47074999999999995 0.034468750000000006 0.03471875000000004
0 0.0906875 0.5065312499999999 0.03231249999999999 0.04990625000000008
0 0.0495 0.8243437499999999 0.036687500000000005 0.04337499999999998
0 0.30109375 0.7202187500000001 0.04528125000000003 0.03903125000000003
0 0.5743750000000001 0.8623125000000001 0.032218750000000004 0.05856250000000003
0 0.54834375 0.6757500000000001 0.03656249999999996 0.04121874999999999
0 0.410625 0.9121874999999999 0.03874999999999997 0.03687499999999986
0 0.1481875 0.7039375 0.025812500000000016 0.04556249999999995
0 0.1308125 0.7354062500000002 0.030156250000000016 0.03903125000000003
0 0.21215625 0.39375 0.04096874999999998 0.04990625000000004
0 0.70234375 0.6855 0.032187500000000036 0.03903125000000003
0 0.635125 0.47400000000000003 0.04087499999999995 0.04121874999999999
0 0.17203125 0.8926874999999999 0.030125000000000002 0.04121875000000017
0 0.5765625 0.30696875000000007 0.032218750000000004 0.04556250000000004
0 0.4659375 0.5629375 0.03224999999999998 0.04556249999999995
0 0.31953125 0.90353125 0.03878124999999999 0.04990625000000008
0 0.6253437500000001 0.6182500000000001 0.030031250000000044 0.04337499999999998
0 0.60909375 0.7972187500000001 0.045218750000000085 0.03687499999999995
0 0.7565937500000001 0.56078125 0.03650000000000002 0.04121874999999999
0 0.60475 0.72346875 0.036531249999999994 0.04121874999999999
0 0.40953125 0.8221875000000001 0.03659374999999998 0.05206249999999999
0 0.38459374999999996 0.3774687500000001 0.03443749999999999 0.04771874999999999
0 0.10046875 0.34928124999999993 0.030156250000000006 0.04771875000000003
0 0.0874375 0.13125 0.030156249999999996 0.04556249999999999
0 0.089625 0.04559374999999992 0.030156250000000006 0.05640624999999999
0 0.10696874999999999 0.61175 0.03884374999999999 0.04771874999999994
0 0.10262500000000001 0.24949999999999992 0.03884375000000001 0.03903125000000003
0 0.2013125 0.13018750000000007 0.04965625000000003 0.04337499999999998