0 0.0203125 0.734375 0.040625 0.06875
0 0.07293749999999992 0.6569687500000001 0.05768750000000002 0.05521875000000005
0 0.21281250000000007 0.5766875 0.07284375000000001 0.05950000000000007
0 0.33815624999999994 0.5014062499999999 0.07193750000000003 0.06074999999999999
0 0.49059375000000005 0.46734375000000006 0.08618749999999994 0.04903124999999999
0 0.21821874999999996 0.851125 0.06200000000000001 0.048812500000000016
0 0.145125 0.7489374999999999 0.0763125 0.06568749999999994
0 0.03149999999999995 0.83246875 0.05728124999999999 0.05487499999999983
0 0.11824999999999992 0.9010312500000002 0.07459375000000001 0.05318749999999994
0 0.07184375000000003 0.96721875 0.05987499999999999 0.04237499999999983
0 0.0046875 0.9546875 0.009375 0.053125
0 0.35728124999999994 0.6355000000000001 0.06703124999999996 0.06409374999999998
0 0.29721875000000003 0.7526250000000001 0.08615624999999998 0.07509374999999992
0 0.24762500000000004 0.96571875 0.07400000000000002 0.053031250000000085
0 0.36524999999999996 0.87221875 0.06993749999999999 0.06996874999999995
0 0.4778124999999999 0.79421875 0.07306249999999999 0.05815625000000004
0 0.57634375 0.7471875000000001 0.07434375000000007 0.051156250000000014
0 0.3960000000000001 0.7376249999999999 0.06612500000000003 0.049406250000000006
0 0.57359375 0.36034375 0.05771875000000008 0.059687499999999984
0 0.612125 0.48221875000000003 0.06137499999999996 0.07303125000000002
0 0.5258749999999999 0.5866250000000001 0.07240625000000005 0.06621874999999999
0 0.5751875 0.9590624999999999 0.06553125000000008 0.06321875000000006
0 0.39534375 0.97809375 0.07290624999999995 0.032468749999999956
0 0.43756249999999997 0.91246875 0.047218750000000045 0.05721874999999983
0 0.687125 0.6786562499999998 0.05081249999999997 0.062124999999999986
0 0.64490625 0.84178125 0.07650000000000005 0.04434375000000017
0 0.7850625000000001 0.57309375 0.049406249999999916 0.05290625000000002
0 0.8491250000000001 0.539375 0.05365624999999987 0.05093750000000004
0 0.8092500000000001 0.44884375 0.060875000000000054 0.04996875000000003
0 0.6873437500000001 0.55746875 0.06503125000000001 0.058375000000000024
0 0.7252500000000002 0.76403125 0.05368750000000002 0.053999999999999916
0 0.7449999999999999 0.846125 0.05643750000000001 0.053000000000000116
0 0.8947812500000001 0.7495625 0.05406249999999986 0.058812499999999976
0 0.52965625 0.8896562500000001 0.06496875000000006 0.04846874999999997
0 0.22737499999999997 0.69375 0.05250000000000003 0.05625
0 0.8679375 0.6640625 0.05234375 0.046875
0 0.94915625 0.6515625 0.04609375 0.046875
0 0.6585625 0.3703125 0.052406249999999946 0.053125