0 0.057218750000000006 0.24603125000000006 0.0576875 0.05449999999999999
0 0.00625 0.3484375 0.0125 0.053125
0 0.04631249999999998 0.04959375000000001 0.04209375 0.06959374999999998
0 0.015625 0.7 0.03125 0.05
0 0.26371874999999995 0.3866875 0.04950000000000001 0.047218750000000045
0 0.20562500000000003 0.17424999999999996 0.05031249999999998 0.06309374999999999
0 0.021875 0.1375 0.04375 0.05625
0 0.24643750000000003 0.040687499999999946 0.0484375 0.05334375
0 0.18953124999999993 0.50721875 0.04537500000000001 0.05037500000000002
0 0.16184375000000006 0.32875 0.029000000000000005 0.04834375
0 0.11290624999999999 0.19278125 0.03643749999999999 0.04553124999999998
0 0.33009374999999996 0.23181250000000003 0.04181249999999999 0.06115624999999998
0 0.30434374999999997 0.11087500000000006 0.03715624999999996 0.05328124999999999
0 0.43928124999999996 0.23609375000000005 0.057375000000000044 0.06193749999999998
0 0.07153124999999996 0.8246874999999999 0.06678125000000001 0.05903124999999996
0 0.11031250000000004 0.43303125 0.0546875 0.05021874999999998
0 0.8196874999999999 0.13031249999999997 0.053781250000000023 0.060968750000000016
0 0.74225 0.31721875 0.05103124999999995 0.06431249999999995
0 0.7140000000000001 0.17462499999999997 0.045187499999999936 0.07162500000000002
0 0.3669375 0.49296875 0.05309375000000003 0.05309375000000003
0 0.0546875 0.9708749999999998 0.06043750000000001 0.045531250000000155
0 0.04609375 0.5872187500000001 0.05206249999999999 0.06015625
0 0.5159375 0.31471874999999994 0.04646875000000002 0.05037500000000002
0 0.45981249999999996 0.39318749999999997 0.04137500000000003 0.04656249999999997
0 0.55390625 0.43621874999999993 0.042031249999999964 0.05228125000000006
0 0.48690625 0.5234687499999999 0.036843750000000064 0.03603124999999992
0 0.10184374999999993 0.5400625 0.04068749999999999 0.04746874999999999
0 0.030093749999999985 0.477375 0.04568749999999999 0.04328125000000007