0 0.765625 0.021875 0.0625 0.04375
0 0.5788437500000001 0.09206249999999994 0.04612499999999997 0.0504375
0 0.6735937499999999 0.06974999999999998 0.054468750000000024 0.06324999999999999
0 0.54478125 0.23871874999999995 0.057499999999999926 0.07428125000000003
0 0.7329374999999999 0.6419062499999999 0.04065624999999997 0.06778124999999999
0 0.8192812499999998 0.19846874999999997 0.05874999999999995 0.06003125000000002
0 0.90078125 0.19912500000000008 0.040625 0.06574999999999998
0 0.6662500000000001 0.42337500000000006 0.05746874999999996 0.05924999999999998
0 0.8405000000000001 0.44171875000000005 0.04812499999999993 0.06503125000000001
0 0.7473124999999999 0.16378125000000007 0.04728124999999998 0.06574999999999998
0 0.47984375 0.33587500000000003 0.055749999999999925 0.060968749999999974
0 0.7270312499999999 0.29900000000000004 0.055343749999999935 0.06671874999999998
0 0.9535937499999999 0.24196875 0.04021875000000001 0.049843749999999964
0 0.8776250000000001 0.632375 0.04731249999999996 0.05756250000000005
0 0.8299375000000001 0.74175 0.03671875 0.06515625000000007
0 0.684375 0.7635937500000001 0.04515624999999997 0.06384375000000002
0 0.46950000000000003 0.8782812499999999 0.043906250000000036 0.06787500000000009
0 0.54459375 0.89484375 0.052718750000000016 0.052406249999999946
0 0.6282812499999999 0.18046875 0.060875000000000054 0.07575000000000001
0 0.8362187500000001 0.33399999999999996 0.06468750000000015 0.07493749999999996