0 0.33396875000000004 0.11281250000000001 0.04734375000000002 0.07378124999999999
0 0.253625 0.19375 0.048843749999999984 0.062406249999999996
0 0.14178125 0.4734375 0.05734375000000003 0.07253124999999994
0 0.09184375 0.58278125 0.05699999999999998 0.06631250000000008
0 0.22709375 0.45278124999999997 0.05475000000000001 0.06071875000000002
0 0.5829375 0.3239375 0.04762500000000003 0.07943750000000005
0 0.31334375 0.42612500000000003 0.05646874999999998 0.051125000000000045
0 0.1400625 0.16903125000000002 0.05081250000000002 0.04828125000000001
0 0.765 0.07103125 0.06203125000000007 0.0568125
0 0.69396875 0.12925 0.05068750000000009 0.042625
0 0.1358125 0.74715625 0.04231250000000002 0.04546875000000004
0 0.079 0.671875 0.04231249999999999 0.05396874999999994
0 0.2806875 0.76278125 0.05362499999999999 0.04828124999999996
0 0.17984375 0.859375 0.04512499999999999 0.0596562500000001
0 0.10596874999999999 0.25853125 0.06218750000000001 0.05681250000000002
0 0.14859375 0.34943749999999996 0.04512499999999999 0.05681250000000002
0 0.115625 0.9765625 0.05 0.046875
0 0.07475000000000001 0.051125 0.050843749999999986 0.045468749999999995
0 0.94253125 0.6519999999999999 0.053468750000000044 0.059656249999999925
0 0.82465625 0.39631249999999996 0.056343749999999915 0.05396874999999999
0 0.753625 0.43609375000000006 0.03931249999999995 0.05396874999999994
0 0.68403125 0.7400625 0.047843750000000004 0.059656249999999925
0 0.49515624999999996 0.8536875 0.03937500000000007 0.0596562500000001
0 0.29346875 0.62215625 0.04509375000000002 0.04546875000000004
0 0.2849375 0.5667500000000001 0.05078125 0.05396874999999994
0 0.232375 0.54971875 0.05365624999999996 0.05396874999999994
0 0.07190625 0.348 0.05653124999999999 0.042625000000000045
0 0.04490625 0.43040625 0.0423125 0.04828124999999996
0 0.8161250000000001 0.7542500000000001 0.04496874999999996 0.05396874999999994
0 0.59315625 0.8863749999999999 0.0421875 0.05681249999999984
0 0.8630000000000001 0.8039687499999999 0.0364374999999999 0.05681249999999993
0 0.765 0.87215625 0.04499999999999993 0.045468749999999857
0 0.69825 0.953125 0.047843750000000004 0.042624999999999955
0 0.778125 0.98125 0.0375 0.0375
0 0.8473750000000001 0.9431875 0.04496874999999996 0.045468749999999857
0 0.9198124999999999 0.8607812499999999 0.047812499999999855 0.045468749999999857
0 0.94821875 0.7514062499999999 0.04212500000000006 0.04828124999999996
0 0.9652499999999999 0.9573750000000001 0.047781249999999886 0.0625
0 0.9046875 0.9984375 0.040625 0.003125
0 0.23265625 0.311875 0.05134375000000002 0.045906249999999996
0 0.29453125 0.36512500000000003 0.05006250000000003 0.04656250000000002
0 0.23743750000000002 0.0806875 0.046875 0.044