0 0.5578749999999999 0.47334375000000006 0.03196875000000006 0.07028125000000003
0 0.6470937500000001 0.028625000000000077 0.031937500000000084 0.056781250000000005
0 0.56328125 0.14625000000000005 0.04278124999999999 0.06487500000000002
0 0.33084375 0.21246875000000004 0.03743749999999997 0.06218750000000002
0 0.5660000000000001 0.6544687499999998 0.03196875000000006 0.07028125000000003
0 0.6051874999999999 0.29896875000000006 0.04006249999999998 0.06218750000000002
0 0.45112500000000005 0.06649999999999992 0.04009374999999995 0.05137499999999999
0 0.35921875 0.038093749999999996 0.04553124999999998 0.05406249999999999
0 0.26731250000000006 0.08406249999999993 0.05096875000000001 0.05406249999999999
0 0.56059375 0.78559375 0.04278124999999999 0.045968750000000023
0 0.92415625 0.34087499999999993 0.05081249999999997 0.06487499999999997
0 0.25784375 0.81803125 0.048249999999999994 0.07840625000000001
0 0.29975000000000007 0.38550000000000006 0.04012500000000001 0.06759374999999998
0 0.69575 0.18409375000000008 0.04815625000000008 0.06487499999999999
0 0.115625 0.021875 0.04375 0.04375
0 0.6848749999999999 0.6195625 0.04440624999999994 0.06843749999999993
0 0.8126562499999999 0.39674999999999994 0.037406250000000085 0.06425
0 0.47115624999999994 0.41840625 0.03606250000000007 0.05728124999999995
0 0.5200625000000001 0.28921875 0.03324999999999996 0.05306249999999997
0 0.39643750000000005 0.16909375000000004 0.034687500000000024 0.06425
0 0.37828125 0.32484375 0.040281249999999956 0.054468750000000024
0 0.18346874999999993 0.4205 0.041718749999999985 0.050281249999999965
0 0.38109374999999995 0.48265624999999995 0.04584375 0.06284375000000005
0 0.47606249999999994 0.591625 0.03465624999999992 0.05168750000000007
0 0.3154375 0.6467812500000001 0.043062500000000004 0.058656249999999945
0 0.8315000000000001 0.6083749999999999 0.04440625000000011 0.07125000000000004
0 0.5054062500000001 0.8674687500000001 0.04306249999999991 0.05587499999999999
0 0.6604375000000001 0.45753125000000006 0.03746875000000003 0.05168750000000007
0 0.9202187500000001 0.16071875000000002 0.03462500000000013 0.06703125000000001
0 0.7149687499999999 0.05050000000000008 0.03596874999999997 0.040687499999999995
0 0.16571874999999991 0.25825 0.038249999999999985 0.06209375000000002
0 0.77496875 0.04834375000000009 0.03175000000000008 0.049249999999999995
0 0.9366562500000001 0.48634374999999996 0.038156250000000114 0.04712499999999995
0 0.8657187499999999 0.4559687500000001 0.04759375000000006 0.05396874999999994
0 0.7421562500000001 0.4971562499999999 0.04478124999999995 0.0625
0 0.3984375 0.6548437499999998 0.04484375000000003 0.07671875000000003
0 0.3373749999999999 0.7954687499999998 0.03634374999999999 0.07387499999999995
0 0.40696875000000005 0.9261250000000001 0.04484375000000003 0.07387499999999995