0 0.0015625 0.0375 0.003125 0.05625
0 0.11721874999999997 0.034093750000000075 0.03921874999999999 0.039781250000000004
0 0.21381250000000004 0.13209374999999995 0.050562500000000024 0.05396874999999999
0 0.48224999999999996 0.1377812499999999 0.04765625 0.04828125000000001
0 0.5560937499999999 0.059656249999999925 0.04196875000000002 0.0568125
0 0.37287499999999996 0.25709374999999995 0.039156250000000004 0.03693749999999998
0 0.6086562499999999 0.3565312499999999 0.04478124999999995 0.06534374999999999
0 0.23165624999999998 0.29828124999999994 0.048968749999999964 0.045500000000000006
0 0.37856249999999997 0.375 0.04484375000000003 0.04546875000000004
0 0.3217499999999999 0.47728125000000005 0.04487500000000004 0.034093750000000075
0 0.1399374999999999 0.4815312499999999 0.044906250000000016 0.03693749999999998
0 0.3359375 0.55965625 0.033499999999999995 0.04546875000000004
0 0.38709375 0.7102187499999999 0.04484375000000003 0.04546875000000004
0 0.3686249999999999 0.5511250000000001 0.030656250000000006 0.04546875000000004
0 0.8344687499999999 0.48578124999999994 0.04759375000000006 0.04546875000000004
0 0.73078125 0.18890624999999997 0.03909374999999997 0.04262499999999998
0 0.83871875 0.24290625000000005 0.03337499999999984 0.042624999999999955
0 0.35724999999999996 0.8934687499999999 0.041999999999999996 0.03693750000000016
0 0.6058125000000001 0.9005624999999998 0.039124999999999945 0.045468749999999857
0 0.9438437499999999 0.7059687499999999 0.050406249999999986 0.04828124999999996
0 0.6796562500000001 0.28693749999999996 0.05046874999999993 0.03978124999999997
0 0.06040624999999995 0.17756249999999998 0.044937500000000005 0.042625
0 0.27771875 0.19743750000000002 0.04771875000000003 0.03693749999999998
0 0.11865625000000009 0.28125 0.04206250000000002 0.03978124999999997
0 0.04053125000000009 0.29546875000000006 0.05062500000000001 0.03409374999999999
0 0.6171562500000001 0.8054062500000001 0.039124999999999945 0.03693750000000007
0 0.7265312500000001 0.8267187499999998 0.04193750000000005 0.045468749999999857
0 0.6626249999999999 0.44887499999999997 0.03340624999999999 0.03978125000000006
0 0.93390625 0.5923437500000001 0.047562500000000084 0.042624999999999955
0 0.05756250000000005 0.6690312500000001 0.03356250000000001 0.042624999999999955
0 0.52628125 0.9048437499999998 0.05050000000000008 0.048281250000000143
0 0.3359375 0.8139062500000002 0.04484374999999998 0.042624999999999955
0 0.40271875 0.5894999999999999 0.041999999999999996 0.03125
0 0.718 0.5113749999999999 0.036250000000000074 0.03978125000000006
0 0.6086562499999999 0.50284375 0.05046874999999993 0.03978125000000006
0 0.58146875 0.97309375 0.03825000000000003 0.041281250000000116
0 0.5098437499999999 0.49224999999999997 0.03096875000000008 0.03643750000000008
0 0.8607187499999999 0.7727499999999999 0.043031249999999945 0.04371875000000003
0 0.0015625 0.9828125 0.003125 0.034375
0 0.12859374999999992 0.9857812500000002 0.03921874999999999 0.028406250000000098
0 0.19250000000000006 0.9403437499999999 0.03637499999999998 0.03978125000000006
0 0.79375 0.9828125 0.04375 0.034375
0 0.0015625 0.7828125 0.003125 0.046875
0 0.14278125 0.6463125000000002 0.044906250000000016 0.03693749999999998
0 0.21665624999999994 0.6051249999999999 0.05625 0.051125000000000045
0 0.015625 0.2328125 0.03125 0.040625
0 0.00625 0.4578125 0.0125 0.046875