0 0.990625 0.1671875 0.01875 0.059375
0 0.24865624999999997 0.7102812499999999 0.05553125000000003 0.06503125000000001
0 0.31465624999999997 0.7997812499999999 0.04299999999999997 0.05090624999999997
0 0.22328125000000001 0.8005312499999999 0.047843750000000004 0.06509375000000003
0 0.23665625 0.8673749999999998 0.055593749999999977 0.0692499999999999
0 0.3066875 0.88665625 0.047218749999999955 0.0734375
0 0.37271875 0.92665625 0.054312499999999986 0.06943750000000008
0 0.13365625 0.5900624999999999 0.05143749999999998 0.06209375000000002
0 0.18084375 0.6613749999999999 0.05021875000000002 0.054749999999999945
0 0.159625 0.7131875000000001 0.06118749999999999 0.06368749999999998
0 0.0915 0.79846875 0.050249999999999996 0.06921874999999993
0 0.30434375 0.50996875 0.047843750000000004 0.06721874999999997
0 0.07840625 0.44203125 0.052468749999999995 0.06099999999999994
0 0.07184375 0.65625 0.04656249999999999 0.06978124999999995
0 0.09618750000000001 0.15765624999999997 0.059625 0.06400000000000002
0 0.306375 0.4061562500000001 0.04762500000000003 0.055781250000000025
0 0.72846875 0.7091875000000002 0.03834374999999994 0.05093750000000004
0 0.8139062499999999 0.6826562500000002 0.04050000000000002 0.06915624999999999
0 0.165625 0.028125 0.04375 0.05625
0 0.16253125 0.12218750000000007 0.04978124999999998 0.05218750000000001
0 0.10928125 0.37759374999999995 0.06268750000000001 0.07587499999999996
0 0.15953124999999999 0.3088125 0.05281250000000002 0.06646875000000003
0 0.18837500000000001 0.9375 0.039437500000000014 0.045468749999999857
0 0.35821875 0.7594999999999998 0.04349999999999996 0.05600000000000005
0 0.35675 0.6964375 0.04415624999999999 0.04949999999999992
0 0.027718749999999997 0.86096875 0.055437499999999994 0.05715624999999989
0 0.17481249999999998 0.8178437500000001 0.05934375000000001 0.06287500000000001
0 0.33215625000000004 0.9840625 0.036062499999999977 0.03187500000000014
0 0.10028125000000002 0.9682187500000001 0.04906250000000001 0.05734375000000007
0 0.55634375 0.6588125000000001 0.03671875 0.05612499999999994
0 0.43484375000000003 0.9339999999999999 0.04499999999999993 0.0567499999999999
0 0.068125 0.271875 0.05278125 0.0625
0 0.2728125 0.5609375 0.04959375000000001 0.059375
0 0.44934375 0.8078125 0.04643750000000004 0.065625
0 0.42903125 0.6859375 0.043312500000000045 0.059375
0 0.38059374999999995 0.4453125 0.04646874999999997 0.059375
0 0.2759375 0.953125 0.043343750000000014 0.05
0 0.9984375 0.0515625 0.003125 0.053125
0 0.19624999999999998 0.275 0.04024999999999999 0.05
0 0.230625 0.209375 0.04024999999999999 0.05625
0 0.224375 0.6203125 0.046499999999999986 0.059375
0 0.24 0.43125 0.052749999999999984 0.0625
0 0.2525 0.3515625 0.04646875000000002 0.053125
0 0.36809375 0.61875 0.04021875000000001 0.05
0 0.29312499999999997 0.296875 0.04646875000000002 0.0625