0 0.147 0.6412812500000001 0.06081249999999998 0.06459375000000005
0 0.09509375 0.50096875 0.060843749999999995 0.07109375
0 0.26246875 0.6922499999999999 0.06453125000000001 0.06959374999999994
0 0.04034375 0.8493437499999998 0.06496874999999999 0.07984374999999985
0 0.19271875 0.8357812500000001 0.06512500000000002 0.07509374999999992
0 0.07153125 0.70703125 0.07784374999999999 0.08031249999999997
0 0.21309375 0.5827187500000001 0.07793749999999999 0.07509374999999992
0 0.34890625000000003 0.8881250000000002 0.07728124999999997 0.07746874999999989
0 0.268625 0.81515625 0.062156250000000045 0.0671875
0 0.248875 0.96571875 0.06490625000000003 0.06303124999999987
0 0.03659375 0.9458749999999998 0.061687499999999985 0.06509375000000013
0 0.02890625 0.6002812500000001 0.057781249999999985 0.08440624999999997
0 0.12903125 0.32925000000000004 0.06446874999999999 0.06421875000000003
0 0.20553125 0.3163125000000001 0.05659374999999998 0.060281249999999974
0 0.02134375 0.39721875000000006 0.04265625000000001 0.06087500000000001
0 0.25859375 0.49315625 0.07040625 0.06043749999999992
0 0.36421875 0.4779999999999999 0.07768749999999995 0.05165624999999992
0 0.468625 0.63665625 0.07178124999999991 0.06637500000000003
0 0.36759375 0.6436875000000001 0.06150000000000002 0.067375
0 0.44400000000000006 0.8101875 0.06643749999999997 0.08649999999999994
0 0.43568749999999995 0.9517187499999998 0.05959374999999998 0.05728125000000013
0 0.51225 0.9149999999999998 0.06984375000000007 0.05921875000000014
0 0.37324999999999997 0.7647812500000001 0.05181249999999995 0.06403125000000003
0 0.60303125 0.8892499999999999 0.07225000000000001 0.06896875000000016
0 0.53390625 0.7882187500000001 0.07059374999999993 0.07471874999999999
0 0.6155 0.7201250000000001 0.06296874999999993 0.06740624999999997
0 0.7230624999999999 0.8240937500000001 0.062437500000000055 0.06649999999999992
0 0.6876562500000001 0.6079374999999999 0.05415624999999995 0.05906249999999993
0 0.7123437499999999 0.70084375 0.05659375000000004 0.06300000000000008
0 0.54034375 0.5324375 0.06493750000000009 0.06778124999999999
0 0.59403125 0.54121875 0.05906249999999993 0.06584374999999998
0 0.45181250000000006 0.40603125 0.06253124999999997 0.058937500000000045
0 0.29690625000000004 0.32396875 0.07140624999999998 0.07625000000000001
0 0.61671875 0.422125 0.060531250000000016 0.07359375000000004
0 0.73575 0.38553125 0.06440625000000004 0.05696875000000001
0 0.6855 0.23396875 0.051718750000000036 0.05149999999999997
0 0.791375 0.18978125000000007 0.062437500000000055 0.06171875
0 0.770875 0.26909375 0.05656250000000007 0.06325000000000003
0 0.80528125 0.5485312499999999 0.056968750000000054 0.05800000000000001
0 0.9765625 0.4859375 0.046875 0.065625
0 0.9604687500000001 0.26071875 0.058343749999999875 0.05884374999999995
0 0.9364062499999999 0.12456250000000005 0.06559375000000003 0.0620625
0 0.8279062500000001 0.7144999999999999 0.07021875000000008 0.07081250000000008
0 0.7152499999999999 0.49021875000000004 0.062437500000000055 0.06631250000000008
0 0.92109375 0.61053125 0.06621875000000017 0.06559375000000003
0 0.996875 0.8296875 0.00625 0.065625
0 0.88846875 0.3276875 0.06728124999999992 0.06328125
0 0.8757187500000001 0.1876875 0.05612500000000011 0.06143749999999999
0 0.8426562499999999 0.23356250000000003 0.05234375 0.05003124999999997
0 0.51696875 0.048093749999999956 0.06446874999999999 0.04993750000000001
0 0.9157500000000001 0.9764062500000001 0.04253125000000004 0.04337499999999998
0 0.8197812499999999 0.97959375 0.040593750000000026 0.04081249999999983
0 0.9859375 0.0515625 0.028125 0.046875
0 0.76221875 0.05221874999999994 0.05034375000000004 0.046593749999999996
0 0.8369687499999999 0.08903125000000003 0.05509374999999998 0.05
0 0.4216875 0.7085312500000001 0.05240624999999999 0.05556249999999992
0 0.928125 0.0265625 0.05 0.053125
0 0.9078125 0.7571562499999999 0.05228125000000006 0.05834375000000005
0 0.8078125 0.8405000000000001 0.04675000000000003 0.05278124999999996
0 0.64946875 0.8280000000000001 0.046812500000000055 0.05556249999999992
0 0.5230937499999999 0.3765625 0.05515624999999993 0.05834375000000005
0 0.7869687500000001 0.45434374999999994 0.05509375000000007 0.05834375000000005
0 0.453625 0.532125 0.06074999999999999 0.06390624999999997
0 0.53559375 0.2668125 0.06349999999999997 0.061125000000000006
0 0.66475 0.13625000000000007 0.06068750000000005 0.06668750000000001
0 0.85 0.01875 0.05625 0.0375