0 0.0328125 0.0046875 0.046875 0.009375
0 0.15 0.0046875 0.05 0.009375
0 0.05759375 0.09459374999999995 0.0379375 0.05021874999999999
0 0.22515625 0.05999999999999996 0.044937499999999984 0.05137499999999999
0 0.22956249999999997 0.18515625 0.047843750000000004 0.049687500000000016
0 0.14475 0.09606250000000002 0.03937499999999998 0.04728125
0 0.33284375 0.046812500000000055 0.05221875000000002 0.05428125000000002
0 0.403 0.08471875000000004 0.05484375000000004 0.05390625
0 0.31818749999999996 0.19737500000000008 0.03756250000000003 0.053593750000000016
0 0.20612499999999997 0.27331249999999996 0.04787499999999998 0.04140625
0 0.470125 0.04278124999999999 0.03962500000000002 0.0433125
0 0.978125 0.7140625 0.04375 0.040625
0 0.9953125 0.8359375 0.009375 0.053125
0 0.95815625 0.9460312500000001 0.03359375 0.03978125000000006
0 0.738 0.9445937499999999 0.03646875000000005 0.03693750000000016
0 0.59596875 0.9744375000000002 0.03650000000000002 0.0340937499999999
0 0.4141875 0.9005624999999998 0.04224999999999999 0.03978125000000006
0 0.4766875 0.9758437499999999 0.04221874999999997 0.03693750000000016
0 0.34034375 0.9630624999999998 0.04793750000000001 0.045468749999999857
0 0.8871249999999999 0.7556875000000002 0.039281250000000156 0.03978125000000006
0 0.79196875 0.7528437499999999 0.03646874999999996 0.04546875000000004
0 0.92265625 0.6960312500000001 0.04212500000000006 0.03978125000000006
0 0.24659375 0.9602187499999999 0.047968749999999984 0.0340937499999999
0 0.1514375 0.9431875000000002 0.03946874999999998 0.03978125000000006
0 0.33890625 0.9019999999999999 0.03375000000000004 0.042624999999999955
0 0.64284375 0.765625 0.03934374999999992 0.04828124999999996
0 0.03496875000000001 0.9517187499999998 0.03381250000000001 0.0340937499999999
0 0.60309375 0.8721562500000001 0.03934374999999992 0.028406250000000098
0 0.5008125 0.9261250000000001 0.03368749999999991 0.0340937499999999
0 0.87009375 0.8778437499999999 0.02793750000000017 0.045468749999999857
0 0.7124375 0.8039687499999999 0.03650000000000002 0.03978125000000006
0 0.8104374999999999 0.9815312500000001 0.033624999999999974 0.025562499999999842