0 0.1159375 0.11221875000000008 0.048 0.05396874999999999
0 0.115625 0 0.05 0
0 0.192625 0.09375 0.047968749999999984 0.05681250000000001
0 0.04775 0.11646874999999994 0.03665625 0.05681250000000001
0 0.3758437499999999 0.09375 0.05643749999999996 0.073875
0 0.778125 0.0015625 0.0375 0.003125
0 0.9046875 0.0203125 0.040625 0.040625
0 0.84878125 0.044031249999999925 0.04212500000000006 0.048281250000000005
0 0.75790625 0.12215624999999992 0.047843750000000004 0.051125
0 0.691125 0.15484375000000003 0.050687499999999906 0.042625
0 0.60734375 0.06818749999999998 0.0421875 0.051125
0 0.62721875 0.22584374999999995 0.04787499999999998 0.05396875000000001
0 0.7834687499999999 0.2471562499999999 0.05349999999999992 0.0625
0 0.843125 0.21306250000000002 0.04212500000000006 0.05112500000000002
0 0.9311562500000001 0.1534062499999999 0.053468750000000044 0.051125
0 0.996875 0.23125 0.00625 0.05625
0 0.95815625 0.28978125000000005 0.044937499999999984 0.051125000000000045
0 0.88003125 0.25709374999999995 0.047812499999999855 0.042624999999999955
0 0.61871875 0.30824999999999997 0.04787499999999998 0.04828124999999996
0 0.6627500000000001 0.453125 0.04503125000000008 0.05396874999999994
0 0.5945625 0.47015624999999994 0.03368749999999991 0.04828124999999996
0 0.66840625 0.5539687499999999 0.04503125000000008 0.05681250000000002
0 0.74653125 0.32387499999999997 0.03646875000000005 0.04546875000000004
0 0.8104374999999999 0.32243750000000004 0.033624999999999974 0.03693749999999998
0 0.9890625 0.371875 0.021875 0.04375
0 0.9368437500000001 0.515625 0.053468750000000044 0.04828124999999996
0 0.8275 0.5923437500000001 0.039312500000000125 0.04828124999999996
0 0.8899687500000001 0.6022812500000001 0.04496874999999996 0.03978125000000006
0 0.76215625 0.5625 0.04499999999999993 0.03978125000000006
0 0.51503125 0.6534062500000001 0.05640625000000003 0.0625
0 0.588875 0.6264062500000002 0.050718750000000055 0.04828124999999996
0 0.74084375 0.6392187499999998 0.04215625000000003 0.051125000000000045
0 0.6613125 0.7244375000000002 0.04787499999999998 0.051125000000000045
0 0.70959375 0.7713125000000002 0.04215625000000003 0.042624999999999955
0 0.81328125 0.7556875000000002 0.05065625000000003 0.05681250000000002
0 0.47525000000000006 0.8480000000000001 0.05075000000000003 0.05396874999999994
0 0.85021875 0.38493750000000004 0.056343749999999915 0.04828124999999996
0 0.88003125 0.7713125000000002 0.04212500000000006 0.04828124999999996
0 0.80475 0.875 0.03931250000000004 0.045468749999999857
0 0.54628125 0.9758437499999999 0.03937500000000007 0.03693750000000016
0 0.84878125 0.48862500000000003 0.0364374999999999 0.04546875000000004
0 0.72096875 0.4559687500000001 0.047843750000000004 0.042624999999999955
0 0.53915625 0.7840937499999999 0.04221874999999997 0.051125000000000045
0 0.51553125 0.41421875 0.05203124999999993 0.06059374999999996