0 0.46071875 0.2688125 0.032312499999999925 0.03253124999999999
0 0.32490625 0.46587500000000004 0.028531249999999987 0.03253125000000008
0 0.34690625 0.52325 0.030437500000000027 0.03253125000000008
0 0.5506249999999999 0.41228125000000004 0.032312499999999925 0.03253125000000003
0 0.248375 0.44165625000000003 0.041312499999999995 0.04337499999999998
0 0.31043750000000003 0.35665625 0.03728125000000002 0.046937500000000035
0 0.27290625 0.53496875 0.04196875000000002 0.046937499999999945
0 0.3256875 0.5736875 0.04431250000000002 0.04928124999999994
0 0.1520625 0.37659375 0.03965624999999999 0.04928125000000003
0 0.12625 0.19475 0.044343749999999994 0.05162499999999999
0 0.41078125 0.5014062499999999 0.028312500000000008 0.030781250000000072
0 0.8758437499999999 0.09346875 0.034812499999999955 0.037375000000000005
0 0.546 0.18803125 0.03046875 0.03300000000000001
0 0.45365625 0.18912500000000002 0.03049999999999997 0.03518750000000002
0 0.1843125 0.26937500000000003 0.03715625 0.037375000000000026
0 0.0655625 0.097875 0.041593750000000006 0.03300000000000001
0 0.44378124999999996 0.42993750000000003 0.04149999999999991 0.04178125000000001
0 0.0655625 0.6487499999999999 0.041593750000000006 0.04396874999999998
0 0.52403125 0.32437499999999997 0.03487500000000008 0.03300000000000001
0 0.3778125 0.2990625 0.037124999999999984 0.03959374999999996
0 0.5603125 0.26609375 0.03706250000000004 0.03518749999999997
0 0.22718750000000001 0.09015625000000001 0.03934375000000001 0.043968750000000015
0 0.514125 0.10996874999999999 0.04149999999999991 0.04396874999999999
0 0.48884375 0.48268750000000005 0.03490625000000005 0.037374999999999936