0 0.09290625 0.12349999999999994 0.054249999999999986 0.043906249999999994
0 0.03378125 0.24937500000000004 0.060187500000000005 0.06881250000000003
0 0.21006249999999999 0.15187500000000007 0.06174999999999999 0.07362500000000001
0 0.33125 0.0015625 0.05625 0.003125
0 0.590625 0.0265625 0.0625 0.053125
0 0.44356249999999997 0.07409374999999993 0.06978124999999995 0.06924999999999999
0 0.32990624999999996 0.1647500000000001 0.05137499999999999 0.056499999999999995
0 0.2424375 0.3090624999999999 0.06174999999999997 0.07481249999999999
0 0.16984375000000002 0.42653125000000003 0.07309375 0.07756249999999998
0 0.2659375 0.41437500000000005 0.0493125 0.08025000000000002
0 0.53425 0.22803125000000007 0.05678125000000005 0.089875
0 0.69003125 0.13215625000000006 0.060531250000000016 0.06118749999999999
0 0.7359375 0.003125 0.065625 0.00625
0 0.9109375 0.0109375 0.071875 0.021875
0 0.799875 0.07084375000000005 0.06965625000000006 0.084375
0 0.71646875 0.23181250000000003 0.08103125000000003 0.08231250000000001
0 0.603625 0.32740624999999995 0.08215625000000007 0.0899375
0 0.4586875 0.55021875 0.05681250000000002 0.0765625
0 0.3035 0.6506562500000002 0.063375 0.06540625000000003
0 0.33071875 0.49784375000000003 0.07090624999999999 0.06896874999999998
0 0.21303125 0.552125 0.05149999999999999 0.06412499999999995
0 0.23084375000000001 0.6755312499999999 0.05471874999999997 0.06799999999999998
0 0.5993125 0.5326875 0.07349999999999994 0.09006249999999998
0 0.39765625 0.70903125 0.053593749999999975 0.07015624999999996
0 0.5094375 0.6925625 0.05031250000000007 0.06421875000000003
0 0.45396875000000003 0.4020625000000001 0.06815625 0.07268749999999997
0 0.08 0.69609375 0.05887500000000001 0.07159375000000008
0 0.31478125 0.7592500000000001 0.05525000000000002 0.051843749999999925
0 0.14150000000000001 0.8536874999999998 0.047968749999999984 0.0653437499999999
0 0.21675 0.7926249999999999 0.04512499999999999 0.05681249999999993
0 0.28353125 0.8664687499999999 0.042281250000000006 0.05681249999999984
0 0.259375 0.049718750000000075 0.05081249999999997 0.05396874999999999
0 0.6461875 0.428125 0.05887499999999992 0.06875
0 0.47278125 0.7796875 0.049562500000000044 0.053125
0 0.8390625 0.009375 0.053125 0.01875
0 0.11656249999999999 0.325 0.06837499999999999 0.0625
0 0.16499999999999998 0.678125 0.046499999999999986 0.05625