0 0 0.6171875 0 0.065625
0 0.12990624999999997 0.23246875 0.05253125000000001 0.060125000000000026
0 0.0046875 0.4765625 0.009375 0.053125
0 0.09900000000000002 0.65153125 0.05153124999999999 0.055062500000000014
0 0.17796874999999995 0.0765 0.04956250000000002 0.043781249999999994
0 0.06624999999999996 0.049 0.048406250000000005 0.0395
0 0.36218749999999994 0.49971875 0.051437500000000025 0.047843750000000004
0 0.15143749999999995 0.80865625 0.04328124999999998 0.05337500000000004
0 0.24168749999999992 0.8028124999999999 0.053031249999999995 0.04946875000000004
0 0.07868750000000002 0.96359375 0.05150000000000001 0.05046874999999993
0 0.44240625 0.4208125 0.04415624999999999 0.04209375000000004
0 0.32425 0.106375 0.04962499999999999 0.052812499999999984
0 0.12421875 0.48828125 0.06296875 0.06006250000000009
0 0.4149062499999999 0.83928125 0.0515625 0.05612500000000011
0 0.5853125 0.7755 0.04137500000000003 0.04943749999999998
0 0.5835625 0.8578125 0.041750000000000044 0.0502812500000001
0 0.20765624999999996 0.60590625 0.06215624999999998 0.06909375000000004
0 0.28856249999999994 0.67865625 0.04068750000000003 0.0546875
0 0.5467187499999999 0.9701562499999999 0.05387500000000003 0.05656250000000007
0 0.7180312499999999 0.25284375 0.04937500000000004 0.045500000000000006
0 0.8383437499999999 0.28834375 0.05209374999999987 0.06190625000000001
0 0.2901249999999999 0.242625 0.06471875000000002 0.05334374999999998
0 0.5169062500000001 0.8514062499999999 0.03946874999999998 0.04337499999999998
0 0.36 0.9005000000000001 0.047093749999999976 0.05228125000000006
0 0.2467812500000001 0.9116562500000001 0.043874999999999977 0.05037500000000002
0 0.506375 0.61925 0.045218750000000085 0.04337499999999998
0 0.6352187499999999 0.59471875 0.05287500000000005 0.05675000000000008
0 0.7467187500000001 0.7621249999999999 0.03696874999999995 0.04337499999999998
0 0.22215624999999992 0.37203125 0.04681249999999999 0.06059375000000004
0 0.05393749999999997 0.78175 0.05434375 0.05137499999999999
0 0.08687500000000004 0.852125 0.05768750000000002 0.06700000000000017
0 0.05356249999999996 0.29846875 0.040749999999999995 0.037968750000000016