0 0.6228437499999998 0.25568749999999996 0.061843750000000065 0.05681250000000002
0 0.48509375000000005 0.18324999999999997 0.04765625 0.05396875000000001
0 0.7790937499999998 0.3309687500000001 0.050437499999999955 0.05396875000000003
0 0.6270937499999999 0.48578124999999994 0.053312500000000006 0.04546875000000004
0 0.7875937499999999 0.5369375 0.0390625 0.03978125000000006
0 0.2904999999999999 0.6107812500000002 0.050562500000000024 0.04546875000000004
0 0.22799999999999992 0.39771874999999995 0.03921875000000004 0.04546875000000004
0 0.6015312500000001 0.5866562500000001 0.04196875000000002 0.04828124999999996
0 0.7918749999999999 0.6363749999999999 0.04759375000000006 0.04546875000000004
0 0.9083124999999999 0.4403437500000001 0.047562500000000084 0.03978125000000006
0 0.5163125000000001 0.39203124999999994 0.04765625 0.05681250000000002
0 0.26209375 0.18609375000000003 0.04487500000000004 0.048281249999999984
0 0.2919062500000001 0.5 0.042031249999999964 0.04546875000000004
0 0.18112499999999992 0.5099375 0.05340625000000001 0.04828124999999996
0 0.9594687499999999 0.5795312499999999 0.041874999999999926 0.051125000000000045