0 0.9287489502883524 0.2550698727110229 0.038563397024901636 0.045901728222628
0 0.8340049342105262 0.1283914473684211 0.04077467105263166 0.03904276315789475
0 0.6546069078947369 0.7730970394736842 0.037026315789473685 0.036935855263158124
0 0.6435793401007562 0.037546289851575806 0.04335874607595813 0.05120671514873171
0 0.7633667763157895 0.19679440789473684 0.0422417763157894 0.05695888157894735
0 0.817733552631579 0.8603536184210527 0.03401973684210524 0.035886513157894595
0 0.8332730263157895 0.8154917763157896 0.03669901315789481 0.03588651315789482
0 0.9302730263157896 0.5835164473684211 0.040223684210526356 0.050121710526315755
0 0.9073223684210527 0.8855740131578949 0.03554440789473656 0.03769243421052648
0 0.8599259970387662 0.6780098743504203 0.03736845022018298 0.04723388853555055
0 0.9682354237426669 0.9500261288145211 0.035994029456883125 0.04321832941854575
0 0.6370498976375631 0.15415269744822185 0.04009562109468767 0.050203246297367804
0 0.42868834297829117 0.1100597246938256 0.04000991054725711 0.03925768027098997
0 0.8999031962767028 0.1488303354204884 0.03795154057128458 0.04741104810709959
0 0.6023011822008835 0.4269896647847272 0.04278887923436392 0.04406791712893582
0 0.965616794836639 0.6632290704265399 0.044282169154313156 0.046033324970063516
0 0.8476574853164353 0.5690100048945215 0.04064029440555994 0.05678530419460337
0 0.5888769298426075 0.5646897680394102 0.045363799323337006 0.040211921047217825
0 0.7708958422026787 0.8992789637320731 0.03201496702915718 0.03463508878991339
0 0.5642905224488568 0.492527659369974 0.0383579974516125 0.040599876889965136
0 0.4281737694074578 0.20233714875358547 0.0547672553576013 0.05321162680432939
0 0.7962731984587048 0.6950051060508884 0.031167506758840502 0.036947635106913346
0 0.8826885046845809 0.39318534423768225 0.046069030449776505 0.054550946127318645
0 0.9757617595703048 0.4992304442578172 0.04533588851563464 0.04846088851563446
0 0.6835206544239687 0.20402704079856293 0.038946375763213026 0.047760450431154094
0 0.8602966673157004 0.19196151119159838 0.0405235216647426 0.03586051625976733
0 0.6551258440527321 0.5394882033820347 0.0339679662367488 0.035938082774524926
0 0.9859374999999999 0.32376377181083793 0.028124999999999734 0.055333510574182454
0 0.6030383549167736 0.7715923894840221 0.03233275657122703 0.03125
0 0.6885464961289118 0.7247170968052987 0.03375163020572569 0.03268023281765653
0 0.73150032601384 0.5193174933608542 0.04377774089363484 0.04950313448762145
0 0.9000946077942305 0.8041972216679452 0.033494936710911305 0.047045504832360585
0 0.9879638028854585 0.7275121996595566 0.02407239422908347 0.0463853863075655
0 0.975310858935561 0.013251400132755525 0.04222248885250901 0.02650280026551105
0 0.7755807431118613 0.3471123985635389 0.03943336012849519 0.045937321111928275
0 0.6305229675906461 0.365847147198747 0.0437129062940943 0.04286207545172688
0 0.32561406198090503 0.22695150889162824 0.03999806639415754 0.04317129205614553
0 0.7244683486414112 0.6915518117542128 0.039346077856634465 0.037192397784721165
0 0.03394406201123254 0.3065483416845313 0.043004145788671705 0.032676809433410337
0 0.8597810111366395 0.2702786657386134 0.03618804258009478 0.03775666655631127
0 0.7355948668767733 0.5951069201260639 0.03290167757012552 0.031993699793574915
0 0.2520389000901804 0.3163036585440724 0.03227637662420049 0.03094430345945831
0 0.5399855894065966 0.7702427036456083 0.04043287197437062 0.03736115949542518
0 0.6610277095592267 0.29500578749862916 0.03769471177954331 0.038459970578558655
0 0.49773985844341556 0.3954300511382415 0.043982405621601495 0.039817898256769124
0 0.37891853339944515 0.488631014744852 0.04455620543624955 0.038868674345260756
0 0.4295003398610753 0.29841839805748505 0.03526873752336862 0.03414944148743687
0 0.6640625 0.9914621067621887 0.03666289323781102 0.017075786475622023
0 0.41958423281673624 0.40214511374661094 0.03847410386008432 0.03695514659213439
2 0.859375 0.025 0.043749999999999956 0.05
0 0.3394234743580832 0.3231573162387221 0.03428223177076811 0.03308540328129406
0 0.7837240438915428 0.7610026102779673 0.03318189825546369 0.03717415526773071
2 0.71875 0.8234375 0.03750000000000009 0.04062500000000002
2 0.6421874999999999 0.6828125 0.04062500000000002 0.03437499999999993
2 0.3109375 0.0578125 0.04062499999999997 0.053125000000000006
2 0.853125 0.7593749999999999 0.03125 0.03749999999999998
2 0.9140625 0.9703125 0.034375000000000044 0.046875
2 0.965625 0.8640625 0.04375000000000007 0.046875
0 0.983043319364767 0.991956680635233 0.03391336127046607 0.016086638729533975
2 0.940625 0.9140625 0.03125 0.04062499999999991
0 0.9929149504160651 0.16260116322811405 0.01417009916786971 0.04521777271164151
2 0.690625 0.6203125 0.03125 0.046875
2 0.0171875 0.125 0.034375 0.04375000000000001
2 0.365625 0.1609375 0.03750000000000003 0.040624999999999994
0 0.6464335010826583 0.6229141553552541 0.04526536736104714 0.040285197539881024
2 0.809375 0.9640625 0.03749999999999998 0.03437499999999993
2 0.8 0.4578125 0.03749999999999998 0.046875
2 0.015625 0.446875 0.03125 0.04375000000000001
2 0.8046875 0.2453125 0.034375000000000044 0.040624999999999994
2 0.603125 0.8375 0.03125 0.03125
2 0.7375 0.27812499999999996 0.03749999999999998 0.04375000000000001
2 0.22031250000000002 0.0859375 0.040624999999999994 0.040624999999999994
2 0.024999999999999998 0.20468750000000002 0.0375 0.040624999999999994
2 0.7124999999999999 0.8999999999999999 0.03749999999999998 0.03749999999999998
2 0.6984375 0.41093749999999996 0.04062500000000002 0.05937500000000001
2 0.5875 0.71875 0.03125 0.03750000000000009
2 0.8578125 0.9140625 0.034375000000000044 0.04062499999999991
