0 0.7140019870565788 0.043798459631803205 0.03209253399471723 0.03877825054626182
0 0.6648509608126876 0.0125 0.039105764876125826 0.025
0 0.951114661810682 0.2816208365110988 0.04808513992366892 0.03869874942889939
0 0.9526349998968258 0.6084915831509365 0.049614919043105665 0.05356271008340485
0 0.9821358204960763 0.01005167950392374 0.03302164099215266 0.02010335900784748
0 0.9094532598215292 0.3617727471923238 0.0460502015314862 0.04202252287299235
2 0.88125 0.2140625 0.050000000000000044 0.053125000000000006
0 0.9871994217755281 0.4137619217755282 0.025601156448943785 0.0373807822447188
2 0.7859375 0.046875 0.03437499999999993 0.037500000000000006
2 0.60625 0.0359375 0.03125 0.040625
2 0.64375 0.075 0.03749999999999998 0.043750000000000004
2 0.765625 0.11406250000000001 0.03125 0.034375
2 0.8015625 0.140625 0.04062500000000002 0.04375000000000001
