0 0.20898456660336445 0.3753693381822164 0.0382036601871322 0.04675879386118015
0 0.2386036184210526 0.20219078947368424 0.05214802631578949 0.04446381578947364
0 0.21571313422309513 0.5372928071751584 0.038271184141193904 0.0413198234934562
0 0.3168045843948213 0.6575311868907008 0.03990550333334458 0.0443103586099548
0 0.7861003289473686 0.3276809210526316 0.04201973684210536 0.051776315789473615
0 0.7769325657894738 0.41352960526315785 0.0367763157894736 0.04690460526315776
2 0.640625 0.3109375 0.043749999999999956 0.05312500000000003
2 0.88125 0.11093750000000001 0.043749999999999956 0.053125000000000006
2 0.7359375 0.534375 0.046875 0.05625000000000002
0 0.6626907894736843 0.21332236842105262 0.0434095394736842 0.05164473684210527
0 0.7422023026315789 0.6305690789473685 0.0441365131578948 0.045825657894736915
0 0.6842702373549627 0.6392144285251338 0.04096987236697469 0.04117909035628431
0 0.784244738709148 0.4887546079992523 0.03989872636126812 0.04482968045207514
0 0.8242524020554858 0.45481583251460544 0.03489103574465435 0.044558626348148056
0 0.8079600141754805 0.8421111600814517 0.03808557804372126 0.04576043718919598
0 0.7151946205312313 0.286702446304886 0.035537718383426675 0.0452146778293161
0 0.891940825032196 0.40496103492864544 0.03884642561433971 0.039213632600069104
0 0.6304695702402308 0.7912790770319507 0.04618711906550288 0.046143798946988945
0 0.7834912126815956 0.15066376992586814 0.048571036046281546 0.06250312533109152
0 0.3724183362596738 0.7191021549661454 0.050190046789174714 0.05035782748791384
0 0.6525525622992197 0.6980352292568981 0.03965040742420567 0.04364171193602284
0 0.9523478302293058 0.5792870876344509 0.030950715103818305 0.04010307630117005
0 0.7502016101413786 0.9485033896034434 0.03920593196551225 0.03970220308275196
0 0.2773901092525508 0.8513710376412043 0.045926044928511045 0.049660500639712724
0 0.7563082141233193 0.08879852614587103 0.040892871225898575 0.04790763441251074
0 0.2875 0.9874909800697129 0.04064303986057416 0.02501803986057427
0 0.8907027147433697 0.48660584679297947 0.035246272442278404 0.04584916538751971
0 0.7244404346152891 0.18533945587569944 0.03953771613175927 0.05181858750031049
0 0.017191039070717257 0.5687464609292827 0.03438207814143451 0.05000707814143468
0 0.06431896860693323 0.19148327436476684 0.04029655962052196 0.04367991464419002
0 0.15078184106070341 0.2401542403936084 0.03975539047361523 0.05117571689457234
0 0.7089220131457616 0.7259225466742201 0.04465597370847674 0.04585873190766154
0 0.28043827300707425 0.419173920247884 0.042339079748926256 0.05140447852545471
0 0.5526138602711157 0.4917495296344898 0.05365682115811954 0.061236374053418585
0 0.5829534165143276 0.34283593110588356 0.03987344525691938 0.04047112729333446
0 0.8135289778670957 0.9719219847495926 0.042410420484517264 0.04302956717291395
0 0.867192494067617 0.5377587143344336 0.04051458214185377 0.047794630831736185
0 0.5956046640901415 0.6048435949718061 0.048818708014575884 0.05709645349021841
0 0.1045201257318403 0.31379095830758064 0.037855985672224965 0.04421571466236984
0 0.11656044647460209 0.530920796899166 0.03229004702805194 0.03464690645943935
0 0.3453063565611222 0.9359654733121442 0.0416480177919038 0.04070343217194394
0 0.01092912546961434 0.31875000000000003 0.02185825093922868 0.05625000000000002
0 0.18088431578932404 0.9757429004586089 0.0416974187660189 0.04364743935794768
0 0.012004070891855737 0.16501768250624377 0.024008141783711474 0.04253536501248756
0 0.8089901963429986 0.061762222316888965 0.03865156288470495 0.05465851845540736
0 0.4013852348066099 0.5573061395479726 0.03940023026185663 0.04049468013723434
0 0.12361433781133475 0.5957919536916181 0.03398009949775846 0.040580496832823276
0 0.7099076537894307 0.3725214862014422 0.03841555676615327 0.044814108874772884
0 0.44687172818965837 0.3795238039942562 0.041391764327588565 0.04759690887930956
0 0.6591492032550103 0.06599874571795775 0.04392193021970536 0.06075062714102106
0 0.6501490889341313 0.9379861275008801 0.05725435391287936 0.046051833932371
0 0.11474225694639828 0.8337490549256279 0.03631230934606321 0.03905683774907942
0 0.20798931272190432 0.7165733591447596 0.038133548009530005 0.05133413235618722
0 0.13131266607395023 0.014918703797752533 0.04732554108980802 0.029837407595505065
0 0.3963598121641785 0.1820372076282693 0.04471932468282985 0.05881318704990249
0 0.0973095746061568 0.7833714820983125 0.03765576876132397 0.04233996182389288
0 0.5672997197292853 0.7515474005075903 0.044297504526881526 0.04175422236622395
0 0.11713930117345264 0.9851803494132737 0.043750000000000025 0.029639301173452592
0 0.026940680105669912 0.7969533847490338 0.04085515217570898 0.04748085535934321
0 0.007692097056519995 0.7265625 0.01538419411303999 0.04062499999999991
0 0.7759051102651645 0.8982346700508528 0.0400405659898293 0.04203738219124542
0 0.6904891928806696 0.8622209034650701 0.04173554392824441 0.04008889475509725
0 0.38358394426656034 0.26957459078030777 0.045643338494031016 0.06143111499179016
0 0.29952839554829763 0.5773756111236247 0.0479021733010484 0.052832279995495
0 0.692332730273959 0.7861780216477106 0.04558784305673713 0.04186336464972118
0 0.15188865706907634 0.7640299646597124 0.0357268239543331 0.041213850789980966
0 0.24367291270857291 0.1337539111868079 0.05206039203570906 0.053245227072747564
0 0.06928008138783547 0.6078125000000001 0.04031193664276476 0.04687500000000011
0 0.6755218510566139 0.13754224661660258 0.04213420109383281 0.05472560947724617
0 0.08941026787865115 0.0726087959680195 0.041681270123812925 0.055019413215592734
0 0.4979265919800857 0.9079267029992314 0.04471880111067156 0.047197373100717144
0 0.27604654531436545 0.712748229735702 0.04293224733679951 0.04819412953543223
0 0.40240920834217037 0.7929185333721913 0.04156291724966099 0.04145855287611344
0 0.5340611263125579 0.5647637832714366 0.03459735811045561 0.03775144903411376
0 0.5967147956129473 0.8787502131175777 0.05451789501579796 0.05869817844502434
0 0.20650085959232556 0.5990419702506133 0.04610574761528538 0.05765710289605275
0 0.2742533916317496 0.345364046488896 0.03766961398091173 0.04149742962538683
0 0.11317643860628869 0.4257126043774606 0.044542307759413174 0.049989982380894804
0 0.9205718050547823 0.528662131899192 0.034541696106645814 0.03970409296565014
0 0.024245567525874256 0.6804845247710992 0.03439708550955001 0.041944567695060275
0 0.31703382410686975 0.2189323942774187 0.04208165566291727 0.04705259167115389
0 0.3416624140521477 0.32955100067856763 0.044062039565076316 0.048225221008763364
0 0.583952593602815 0.23593750000000002 0.046439012653934464 0.05312500000000006
0 0.537178361447211 0.6885127072731256 0.05354463027875922 0.055238342152281295
0 0.4207039287547384 0.9586875884149924 0.05025373210313999 0.04000257201516322
0 0.5397489789865748 0.8298378146561893 0.04565895150949617 0.04514257165848001
0 0.7173424156783881 0.9850790832565843 0.051752058728570804 0.029841833486831004
0 0.062404373583637165 0.8505360485608477 0.03917465066886969 0.04313910273131272
0 0.6041594638496385 0.9822736596240963 0.043749999999999956 0.035452680751806964
0 0.4833628967572852 0.9891068451359278 0.03529841297085923 0.021786309728144326
0 0.28447349107627573 0.28126158603244256 0.04131115938543045 0.04784378424769764
0 0.7541462972838867 0.8545607966131891 0.038786726737171096 0.04046669749177689
0 0.5117689800805687 0.7608531868098998 0.04208928741416468 0.04338965057069455
2 0.621875 0.4421875 0.04375000000000007 0.05312499999999998
2 0.3828125 0.88125 0.04062500000000002 0.043749999999999956
2 0.9765625 0.5125 0.04062499999999991 0.04999999999999999
0 0.2944691099517948 0.9180391548381686 0.026935340289230614 0.03169575538908409
2 0.5890625 0.16875 0.05312499999999998 0.0625
2 0.525 0.303125 0.050000000000000044 0.06875000000000003
0 0.4697219793374472 0.7198868044503959 0.047723966622030045 0.049131438798710736
2 0.8484375 0.3703125 0.04062500000000002 0.05312499999999998
2 0.46562499999999996 0.840625 0.04999999999999999 0.04999999999999993
2 0.165625 0.5015624999999999 0.04375000000000001 0.05312499999999998
2 0.9015625 0.9609375 0.04062500000000002 0.04062499999999991
2 0.05625 0.4703125 0.04375 0.05312500000000003
2 0.653125 0.4015625 0.03749999999999998 0.046875
2 0.0578125 0.365625 0.040625 0.04999999999999999
2 0.5953124999999999 0.671875 0.04062500000000002 0.03750000000000009
2 0.3515625 0.3828125 0.034375000000000044 0.04062500000000002
2 0.2453125 0.921875 0.040624999999999994 0.03750000000000009
2 0.3296875 0.8390625 0.04062499999999997 0.046875
2 0.415625 0.625 0.04375000000000001 0.043749999999999956
2 0.984375 0.7125 0.03125 0.050000000000000044
2 0.83125 0.1328125 0.03749999999999998 0.046875
2 0.846875 0.9109375 0.03749999999999998 0.046875
