0 0.14776315789473687 0.20679111842105263 0.03853618421052632 0.03963322368421052
0 0.8403947368421052 0.5621381578947369 0.04955756578947368 0.04966118421052623
0 0.03615131578947364 0.5038799342105263 0.03973848684210527 0.04195888157894734
0 0.11925493421052633 0.356375 0.042610197368421046 0.04518749999999999
0 0.18981743421052627 0.7042960526315789 0.04074671052631579 0.04256578947368406
0 0.8062041844888005 0.06202532041687385 0.052647276467139514 0.04905904797136353
0 0.13253125000000002 0.13501973684210522 0.04617927631578951 0.044758223684210494
0 0.589166463344021 0.29028174905980875 0.042406959673204736 0.041355045360488674
0 0.3194382796028833 0.2212117983194287 0.04527728686044197 0.04550831589067644
0 0.2221095642071849 0.2235955716700151 0.04378118839749284 0.04208884821184594
0 0.2956332581067263 0.46570642853307365 0.04512189499833219 0.040730790819066
0 0.09614002405341783 0.23711962318765195 0.05353580695733584 0.049117525795352474
0 0.056473541044224744 0.3931062608115067 0.04392320412022273 0.04301027755946685
0 0.13295772388719732 0.653836741027414 0.0385652123763084 0.03970622040441796
0 0.255838216062762 0.14278917081311135 0.04888665824376398 0.05065278870495017
0 0.839291350715329 0.4669102526987752 0.05532671781019394 0.05238742482528702
0 0.3079991451750389 0.7890351233133783 0.043090151323528614 0.04738837164823051
0 0.41939104745506856 0.43885888262221484 0.052464625676132415 0.04245944667397794
0 0.1788508618702706 0.054011742132269086 0.03830592186301429 0.03850557759666207
0 0.21116874624686405 0.01830745646362352 0.0322629509453079 0.02984710610235782
0 0.029528283343917126 0.2637590957734728 0.04314859285260696 0.039046687693464505
0 0.08734736472668869 0.17509380999442714 0.03846312822607642 0.038615969366661534
0 0.06698702234860653 0.6634043244768724 0.039977302972421074 0.037577106788997394
0 0.4200523427242513 0.6672039900190281 0.04462062131228356 0.043161171572174806
0 0.37648982183354274 0.22883015274027568 0.03682124679882909 0.03960687019824358
0 0.5355269600397158 0.1169461785397577 0.03845661358458008 0.039420430641933665
0 0.3454207441306145 0.1475863185726099 0.052800267608156315 0.050479366864150194
0 0.7571945114881602 0.6167411965156017 0.04614453507292027 0.04835599117453593
0 0.19582424712246596 0.30242822054896634 0.047052365249074246 0.04898523996767129
0 0.7467847337436475 0.47065072141317743 0.04007173038461931 0.05001549719730142
0 0.3462340913797924 0.5562280989809939 0.045051409333776715 0.043000160138711996
0 0.11943444065112502 0.45680740114686974 0.05060384828407222 0.04423133016949343
0 0.9400304840934195 0.09384387093261798 0.04065225922360671 0.04221677476723967
0 0.029548791168732918 0.3213743261824236 0.053410840382239304 0.04586944100499457
0 0.4305170406367108 0.5531536324075914 0.04754802353544457 0.04330641009113112
0 0.9406938366463937 0.029766165927251072 0.03542321952057137 0.04187184702683154
0 0.9655011843745943 0.31152102295174594 0.05721105630219814 0.04718351074009797
0 0.5150005235591835 0.24974642233301775 0.04892194590727622 0.04023808900973447
0 0.42224355265627156 0.809519216256802 0.051859416181808504 0.04476014266953077
0 0.6199275450692476 0.3482129429570612 0.04190818310250777 0.04160342711566217
0 0.9089416558883423 0.373031547979085 0.053948246350659756 0.04677870130852041
0 0.34140657896826043 0.3796875 0.04255611477765703 0.03909974313709075
0 0.05250369693518544 0.021393278735702632 0.040837426820806946 0.04045823802730161
0 0.09371787467624951 0.4998349515831471 0.03674667942238913 0.03538857222866698
0 0.4555070246321382 0.10065124095200935 0.03962959911194486 0.03690544291393891
0 0.36050729185684116 0.6167127691607454 0.04460172202893076 0.038263994924552014
0 0.5818104930942686 0.4137384126383233 0.061610576061388755 0.052373929274857955
0 0.5084516128607472 0.33102695928400444 0.0534628050003233 0.04267656642455109
0 0.30600855790090825 0.67461251821558 0.035653641610456144 0.03328516018761041
0 0.019507543288499008 0.18361745671150098 0.039015086576998016 0.04526508657699799
0 0.9008050639871004 0.2982281833633539 0.044960299440751084 0.045782816437643814
0 0.38936925757296936 0.30425699207203705 0.04802313720745649 0.051779630081490946
0 0.8715512169334112 0.10499509391325933 0.03520114022721932 0.04319907537938114
0 0.24591175147608568 0.5691872916176841 0.044364622194776215 0.043166944509754446
0 0.6359116473656805 0.5163527169984703 0.0558242610895654 0.04445141221855953
0 0.33631653191338806 0.06862844280869326 0.04014683959795279 0.04062703325018046
0 0.7419086277540191 0.5347937959667535 0.04377995674387081 0.04506112965950371
0 0.49886935287947864 0.42993270732124733 0.0415594812635236 0.04339305603828747
0 0.2666437917959544 0.04868736068015201 0.04284926083473195 0.040202065014044816
0 0.41888093350774513 0.15735972555894495 0.04190277640428558 0.03712028750791588
0 0.20881209173499876 0.8279987752049961 0.059404004542493144 0.045840304805866205
0 0.8424694107637416 0.36422832986102455 0.04203276805808309 0.04493479062601269
0 0.40630851954059133 0.026662497759440813 0.05862919630915786 0.04966952731416451
0 0.010917261946505556 0.4139355843528624 0.02183452389301111 0.038767228726096004
0 0.8196030692454614 0.24400267060357497 0.047380341207149956 0.04461870817898689
0 0.115625 0.0074715472502040565 0.04375000000000001 0.014943094500408113
0 0.541116382365798 0.7119910682639949 0.06206126574482318 0.045700404299266806
0 0.7047412046601483 0.740145043561351 0.04319942478610339 0.051865697906611774
0 0.698658231377407 0.3230921800991612 0.06491723930587123 0.05087133327873644
0 0.7477092935205478 0.2510697732106755 0.04525654327846018 0.042476605850873816
0 0.5551456200230869 0.04850573865173885 0.0329433749278536 0.03688368647812438
0 0.7140430128362873 0.38556724388945984 0.03343961614179347 0.03560269131389587
0 0.008914101897834075 0.060566504744585185 0.01782820379566815 0.04172660189783407
0 0.4607905289223592 0.37974947840210616 0.03437091127991432 0.035284025706367295
0 0.6444736396544171 0.6219373492633022 0.06537560294679068 0.053132536834885724
0 0.5009380696170355 0.1561251139234071 0.03490105482282585 0.03279595778166766
2 0.5234375 0.045312500000000006 0.04062499999999991 0.040625
0 0.7993829296175767 0.15702751040234939 0.04258715166874827 0.04326342428922941
2 0.671875 0.43437499999999996 0.043749999999999956 0.04375000000000001
2 0.578125 0.1796875 0.05624999999999991 0.046875
0 0.47744754977991677 0.014487729891163191 0.03277760147057346 0.027941509176638037
2 0.190625 0.184375 0.03125 0.03125
0 0.5937012772162439 0.04221620253384133 0.04706989113502469 0.046785419484905305
2 0.9281250000000001 0.6171875 0.03749999999999998 0.04062499999999991
2 0.475 0.1859375 0.04375000000000001 0.046875
0 0.3014712545717669 0.3889971205068046 0.03549254719408246 0.03362761304433609
0 0.5903523974162082 0.89350850862368 0.054844215418554554 0.03790054221803085
0 0.4885517539963454 0.05740589885037621 0.054200091149767426 0.036666677572984495
2 0.6046875 0.0234375 0.04062500000000002 0.046875
2 0.2421875 0.7593749999999999 0.03437500000000002 0.03749999999999998
2 0.2953125 0.0140625 0.03437499999999999 0.028125
2 0.1390625 0.75 0.046875 0.043749999999999956
2 0.296875 0.3046875 0.043749999999999956 0.04062500000000002
2 0.2078125 0.6171875 0.03437500000000002 0.034375000000000044
2 0.25468749999999996 0.2640625 0.03437499999999999 0.03437499999999999
2 0.79375 0.9859375 0.03749999999999998 0.028124999999999956
2 0.8921874999999999 0.034375 0.04062500000000002 0.04375
2 0.9125000000000001 0.4515625 0.03749999999999998 0.03437499999999999
2 0.24843749999999998 0.3453125 0.04687499999999997 0.046875
2 0.98125 0.55 0.03749999999999998 0.03749999999999998
2 0.6375 0.14375 0.04999999999999993 0.05000000000000002
2 0.0109375 0.5796874999999999 0.021875 0.04062500000000002
2 0.9859375 0.045312500000000006 0.028124999999999956 0.040625
2 0.1984375 0.47187500000000004 0.046875 0.04999999999999999
2 0.059375 0.58125 0.043750000000000004 0.04375000000000007
2 0.8796875 0.1796875 0.06562499999999993 0.05312499999999998
2 0.90625 0.553125 0.03750000000000009 0.043749999999999956
