0 0.12148026315789476 0.19257894736842107 0.045675986842105235 0.05405921052631571
2 0.1109375 0.7671874999999999 0.03437499999999999 0.04062500000000002
0 0.0640045716067107 0.6477411606072582 0.0400692436239071 0.044291065224723036
0 0.18381320335266332 0.26510832946544954 0.04213348618237808 0.04562747564288375
0 0.06308760631098566 0.09674821385863454 0.04682853272013964 0.05013346576711261
0 0.2452615203918056 0.44113733673196764 0.04096655782131162 0.043563695733829955
0 0.4587914613293717 0.2670298241638196 0.03631908448044363 0.03938452987809543
0 0.5229477021485044 0.32233353303341405 0.03933482014238776 0.03997239487049359
0 0.8723087531481605 0.09205163672459299 0.04238081925107484 0.043666360035872834
0 0.22530521956445665 0.08985283686991377 0.04605594317977921 0.04970779865539697
0 0.15071287396239494 0.37537896867671716 0.04413007987045764 0.049680073986312356
0 0.3257122866586174 0.46347209826298974 0.03137519066342348 0.03647018386003581
0 0.5426975530399963 0.18873263144042512 0.04040977486804476 0.03897952592768106
0 0.5583619626076649 0.2643682746144729 0.03727255787302064 0.03929863265769068
0 0.41077209586152597 0.5009549822203303 0.0337012501265746 0.03791984026322587
0 0.44301670789610836 0.4268193674978539 0.041080251393941725 0.0502211951860973
0 0.26942090925103346 0.5354324648635964 0.04282138700725788 0.046907582912026013
0 0.4873203960310343 0.48171236119895045 0.038700771078381824 0.039438418058254265
0 0.5481970691678202 0.41309532092608386 0.03325510844072865 0.03337388481822712
0 0.3476033114986278 0.5254692161997128 0.03222994385361405 0.03194799446033181
0 0.37482197681401364 0.29881328973450116 0.041012680141782165 0.04748125490303884
0 0.30844211074666134 0.35759972209261115 0.03844161222884368 0.0458313603052144
0 0.5135890124289302 0.10925753572300334 0.042242136636865935 0.04698883381391304
2 0.353125 0.7640625000000001 0.03750000000000003 0.04062500000000002
2 0.08125 0.3765625 0.03125 0.04062499999999997
2 0.015625 0.5874999999999999 0.03125 0.05625000000000002
2 0.053125 0.7250000000000001 0.04375 0.05625000000000002
2 0.2328125 0.684375 0.03437499999999999 0.03125
2 0.1796875 0.7234375 0.03437499999999999 0.03437499999999993
2 0.11406250000000001 0.3125 0.034375 0.03749999999999998
2 0.140625 0.915625 0.03749999999999999 0.043749999999999956
0 0.32581779992763804 0.5717888439115599 0.04469409264522567 0.048922925198995326
2 0.8390625 0.240625 0.046875 0.04999999999999999
2 0.1359375 0.5109375 0.046874999999999986 0.05312499999999998
2 0.2375 0.8171875 0.03749999999999998 0.04062500000000002
2 0.0390625 0.415625 0.046875 0.05624999999999997
2 0.66875 0.29374999999999996 0.04375000000000007 0.04999999999999999
2 0.0890625 0.5640625 0.053125000000000006 0.059374999999999956
2 0.28593749999999996 0.7171875 0.03437499999999999 0.034375000000000044
2 0.0421875 0.496875 0.046875 0.04375000000000007
2 0.2359375 0.98125 0.03437499999999999 0.03749999999999998
2 0.459375 0.3484375 0.03750000000000003 0.04062500000000002
2 0.6125 0.225 0.03749999999999998 0.04375000000000001
2 0.9296875 0.2515625 0.046875 0.05937500000000001
2 0.7859375 0.12187500000000001 0.046875 0.06250000000000001
2 0.053125000000000006 0.8843749999999999 0.03125000000000001 0.03749999999999998
2 0.5671875 0.0390625 0.046875 0.046875
2 0.025 0.315625 0.04375 0.05625000000000002
2 0.3109375 0.9828125 0.03437499999999999 0.034375000000000044
2 0.184375 0.6499999999999999 0.03125 0.03749999999999998
2 0.7265625 0.3359375 0.04062499999999991 0.046875
2 0.10625 0.8796875 0.037500000000000006 0.04062500000000002
2 0.7015625000000001 0.1640625 0.04062500000000002 0.046875
2 0.265625 0.30156249999999996 0.05625000000000002 0.05937500000000001
2 0.4453125 0.184375 0.04062500000000002 0.04374999999999998
2 0.1359375 0.6640625 0.040624999999999994 0.046875
2 0.23125 0.7484375 0.03125 0.034375000000000044
