0 0.021134868421052635 0.734375 0.04226973684210527 0.06217105263157885
2 0.16249999999999998 0.975 0.06875 0.050000000000000044
0 0.2126480263157895 0.5766217105263158 0.0739786184210526 0.06930263157894734
0 0.33929913561331826 0.5070642491074322 0.09178978919319775 0.07900118183996285
0 0.9514817624294247 0.653480730329749 0.05500571760480488 0.061358712071576504
0 0.21191940789473682 0.8505328947368421 0.06555263157894736 0.05930592105263144
2 0.5125 0.89375 0.07500000000000007 0.06874999999999998
0 0.03383552631578942 0.8400509868421053 0.061672697368420994 0.0654671052631578
0 0.11604605263157891 0.8980213815789475 0.07974177631578948 0.06302302631578949
0 0.06445888157894737 0.969669407894737 0.06619078947368418 0.04967763157894722
0 0.35927010258480346 0.6372049802795987 0.07658908373740536 0.08100489987120241
0 0.2986825657894737 0.7471315789473685 0.08686348684210526 0.07997861842105258
0 0.2480526315789474 0.965669407894737 0.07288157894736849 0.06130427631578961
0 0.3643233187471805 0.8718204680960389 0.07512638781239067 0.06967140497076163
0 0.4730427631578947 0.7906825657894737 0.07737171052631575 0.06702138157894733
0 0.5737403629727165 0.7467594569288837 0.08127814881586881 0.0702567235038829
2 0.98125 0.2171875 0.03749999999999998 0.06562499999999999
0 0.5735115131578948 0.35489967105263165 0.06516940789473691 0.0677467105263157
0 0.6114999999999999 0.4808865131578947 0.06032236842105265 0.06584374999999987
0 0.5242558388679852 0.587431950828994 0.07530050759863449 0.06797332668357292
0 0.5734440789473685 0.9616940789473685 0.06722532894736843 0.06448519736842118
0 0.3953273026315789 0.9772878289473685 0.06907401315789463 0.040050986842105396
0 0.43794818468914704 0.915994605635211 0.06089652780992416 0.06172033117311582
0 0.6846674015940439 0.6803698849189255 0.06298040215620648 0.06468309962224372
2 0.503125 0.4671875 0.09375000000000006 0.08437500000000003
0 0.4005711082018283 0.7395647659757136 0.08130026721150002 0.07127798364839466
0 0.07319266864551463 0.6526149349859058 0.0681175183854125 0.06690866357264136
0 0.6876192372548284 0.5597212656872874 0.08753901680989351 0.07643701105129785
0 0.6579413922577093 0.3717962789973649 0.06500513326424873 0.06590038052096997
0 0.7297569690966963 0.7617314609746311 0.05804012083996002 0.06128523771794714
0 0.14798209455112932 0.7493701421307979 0.09220561011431028 0.07645746190828351
0 0.786905586891391 0.5748354537756784 0.0541039326563465 0.057416363956215966
0 0.7443093812116564 0.8456621593796034 0.059673502658539435 0.06060513857013472
2 0.6953125 0.9375 0.059374999999999956 0.0625
0 0.8131562326830186 0.4486767071550025 0.06154317137998999 0.05640632425721165
2 0.628125 0.8421875 0.06874999999999998 0.06562500000000004
0 0.8934233912757312 0.7503814345160493 0.05682940085579058 0.0590152901651364
2 0.053125 0.43125 0.075 0.07500000000000001
0 0.8641887805730903 0.6620415633342402 0.0665182039597384 0.057470562563613936
2 0.8687499999999999 0.5421875 0.08750000000000002 0.078125
2 0.053125 0.546875 0.06874999999999999 0.06875000000000009
2 0.2125 0.6765625 0.07500000000000001 0.07187500000000002
2 0.290625 0.8515625 0.05624999999999997 0.059374999999999956
2 0.265625 0.4421875 0.07499999999999998 0.078125
2 0.3265625 0.975 0.05937500000000001 0.050000000000000044
2 0.925 0.34843749999999996 0.05625000000000002 0.06562499999999999
2 0.8296875 0.8546875 0.059374999999999956 0.05937500000000007
2 0.6625 0.921875 0.050000000000000044 0.05624999999999991
2 0.1328125 0.51875 0.06562499999999999 0.07500000000000001
2 0.9828125 0.934375 0.034375000000000044 0.06874999999999998
