0 0.573742166470679 0.7764059855455945 0.060285854747254786 0.05778098636361395
0 0.8986970346155212 0.6747862656107475 0.06344185588120543 0.062383768548689544
0 0.40474575031476856 0.9070004321266709 0.05594582573875123 0.06113387421135774
0 0.6992086657816116 0.9718778812052539 0.05553135212398952 0.046596007594543076
0 0.41943687394808526 0.5644118260703601 0.06294827600195485 0.06147880527111538
0 0.6382556016257507 0.9089775782508731 0.05470429979521074 0.05574998475387605
0 0.30317988532551754 0.8301705134184625 0.06671362473832909 0.056993761003247934
0 0.5240042971192896 0.8892049469045914 0.06838207071572167 0.06319371143261798
0 0.7455622580611663 0.7417654727453893 0.07675143494756542 0.06646988878106186
0 0.43142300788565924 0.7127345280926566 0.05426228758008511 0.057516451700345916
0 0.7755485610655217 0.9674341494711893 0.05891245080841534 0.05349268983254618
0 0.868407827935469 0.855700629365062 0.08028982041550448 0.07304237815490255
0 0.318124798868318 0.7045706643562193 0.06078889151322536 0.05527167821890333
0 0.5735160857465176 0.5520594502711094 0.08770454328410138 0.07895608582137537
0 0.9689342612475051 0.9569621520321856 0.053032869376247294 0.05767430406437113
0 0.9797007355473751 0.7374343303350835 0.04059852890524973 0.06771523391789924
0 0.7502858443345904 0.8589188328517312 0.06833150420422163 0.06307294240090078
0 0.516068079915793 0.43452837381700526 0.05478442797083849 0.053212363303569876
0 0.5350111885793807 0.27495837876273543 0.06241426971065833 0.07560397454100903
2 0.0765625 0.6125 0.059375 0.0625
2 0.0546875 0.9796875 0.046875 0.04062500000000002
2 0.17031249999999998 0.8843749999999999 0.053125000000000006 0.05625000000000002
2 0.175 0.7140625 0.056249999999999994 0.05312499999999998
0 0.8914765675146117 0.7649795261741967 0.07451956653637226 0.053439412916061246
2 0.56875 0.9828125 0.050000000000000044 0.034375000000000044
2 0.875 0.9484375 0.0625 0.06562499999999993
2 0.278125 0.60625 0.06875 0.07500000000000007
2 0.0296875 0.7906249999999999 0.059375 0.06874999999999998
2 0.8625 0.496875 0.08750000000000002 0.08750000000000002
2 0.5531250000000001 0.6734375 0.05625000000000002 0.059374999999999956
2 0.13125 0.978125 0.04375000000000001 0.043749999999999956
2 0.96875 0.565625 0.0625 0.06874999999999998
2 0.025 0.503125 0.05 0.06250000000000006
2 0.2140625 0.5515625 0.053125000000000006 0.05937500000000007
2 0.7078125 0.3234375 0.07187500000000002 0.08437499999999998
2 0.24375000000000002 0.30781250000000004 0.06250000000000003 0.06562499999999999
2 0.47343749999999996 0.79375 0.06562499999999999 0.0625
2 0.8015625 0.45625 0.06562499999999993 0.06874999999999998
2 0.0890625 0.8421875 0.06562499999999999 0.059374999999999956
2 0.3984375 0.4296875 0.07187500000000002 0.07187500000000002
2 0.70625 0.5 0.06874999999999998 0.10624999999999996
2 0.9734375 0.1484375 0.05312499999999998 0.06562499999999999
