0 0.8447750466638052 0.7399582179861461 0.041421632911991635 0.0567836242460259
0 0.8311306711645174 0.8931645809613131 0.03687352361371643 0.05193171164517374
0 0.8788432210919777 0.9103001446467032 0.03844502062149846 0.04743945601302624
0 0.8638758420778455 0.805544511718602 0.0401514707199635 0.052796985234898175
0 0.9265471854732759 0.8303158138698242 0.04256994489397237 0.05280255839052761
0 0.8316712628064575 0.9828251853074548 0.03721116088735732 0.0343496293850899
0 0.904744365145381 0.6692881940792791 0.03801222629074663 0.05884754502198741
0 0.7448094661853448 0.8878469451284468 0.045418902709455145 0.06631958154721596
0 0.9812855828648555 0.6979200893841768 0.0374288342702892 0.0534117335848433
0 0.9293607072294018 0.9461378578348508 0.038253715518371534 0.049007446808485566
0 0.9526586256323031 0.665110319099739 0.03319954104093725 0.0469072043550427
0 0.8813956734937176 0.2984865247529302 0.04749978556730006 0.06429747937941477
0 0.9811696496057087 0.9462041272306922 0.036537468251836014 0.04885506577391385
0 0.9286586393123664 0.37070485569474 0.04094598517235204 0.059822432102877354
0 0.975959541636505 0.4547782992058781 0.044931147507049074 0.05704568807801297
0 0.8454667804961353 0.4002183150679235 0.04625598301823297 0.056324693739317366
0 0.9850493796630542 0.5842515508423645 0.02990124067389177 0.057351861010837446
0 0.9877881669247321 0.8457223323010714 0.024423666150535595 0.0687500000000002
2 0.08125 0.0765625 0.0875 0.065625
2 0.12656250000000002 0.8171875 0.053125000000000006 0.05937500000000007
0 0.988865403240958 0.764653790277126 0.022269193518084096 0.059769193518084074
2 0.9109375 0.5625 0.04062500000000002 0.05624999999999991
2 0.051562500000000004 0.64375 0.065625 0.07500000000000007
2 0.1453125 0.3515625 0.05937499999999998 0.059374999999999956
2 0.9734375 0.2796875 0.046875 0.05937500000000001
2 0.2578125 0.6734374999999999 0.07187500000000002 0.08437499999999998
2 0.74375 0.3765625 0.050000000000000044 0.05937500000000001
2 0.284375 0.8812500000000001 0.05625000000000002 0.06874999999999998
2 0.778125 0.66875 0.04375000000000007 0.05625000000000002
2 0.0796875 0.9765625 0.04687499999999999 0.046875
2 0.46406250000000004 0.984375 0.03437499999999999 0.03125
2 0.796875 0.7734375 0.03125 0.046875
2 0.9578125 0.575 0.03437499999999993 0.05625000000000002
