0 0.8295897627104896 0.9574498588160392 0.050434927689361975 0.05461244427983958
0 0.13642364007022262 0.8693082398327455 0.0409244691886332 0.05419264141206592
0 0.016414437874413594 0.30863468937206795 0.03282887574882719 0.07042713024179037
0 0.7309719765651318 0.8411709657796351 0.049769406812505634 0.05873834319187099
0 0.3097744926013406 0.020989970403635407 0.053392637483274996 0.04095075215024899
0 0.23332842064887047 0.7247437436348123 0.05378378688485269 0.05934143439102868
0 0.506722970147284 0.566645051311171 0.0508847895001337 0.056575974809775165
0 0.5804551458829929 0.7307921512816771 0.058526041142919594 0.059931059223170546
0 0.4621781232125747 0.46486270994124257 0.049535997355538874 0.05256858606755249
0 0.7277917423696123 0.5665933093445388 0.0563340248543136 0.05946090703607354
0 0.5957379745650078 0.4065484572450104 0.054018958854989196 0.051487860441314814
0 0.05887410201427153 0.15652199205717154 0.04316033912078478 0.05102478566889343
0 0.05710083612594635 0.4305792578603096 0.04473590661563836 0.05535550763155661
0 0.8749200899701437 0.362294273776631 0.05798138817704901 0.05531686375605105
0 0.4372387302370295 0.8543600067036035 0.0473686402443681 0.06034905491890985
0 0.5495146614313167 0.8616635865315343 0.0506657758890775 0.05863588164702094
0 0.12042532352431576 0.6024202972329431 0.043748547399928187 0.060780047733898446
0 0.9434160286625077 0.8294229803301889 0.04408119988587911 0.04610744473524042
0 0.25799169581281034 0.7941864917851573 0.046635360361616446 0.05595525569581683
0 0.13249297461309772 0.31408231079354626 0.04437434536057988 0.06577388631546766
0 0.08178901916488207 0.873309326561319 0.0417918098053872 0.05535962131844696
0 0.19895663906322575 0.9023176217220668 0.04743433269517269 0.04486189550856834
0 0.1823460082037203 0.5497867472992037 0.047707306680746187 0.05419644600327367
0 0.28075072876492047 0.8987580408139624 0.04782876824675575 0.05148940525750634
0 0.6313470174107834 0.892498402244861 0.04890849316532597 0.051675843951146994
0 0.6446976224530508 0.7909823707565427 0.04992611049245044 0.04862977942112823
0 0.24630870853640455 0.5369544572300641 0.040850355486629686 0.045268032055473695
0 0.18747022142239253 0.6454550798035088 0.045509309220962746 0.049006451862578126
0 0.013729374929266422 0.8502062507073358 0.027458749858532843 0.06608499943413138
0 0.3838180347286222 0.9677342401159179 0.04528693711134951 0.04927840055945776
0 0.2687376413636266 0.6423883732624032 0.040174958958947043 0.044074744633448515
2 0.0125 0.5687500000000001 0.025 0.05625000000000002
0 0.13234318129434014 0.21129445281670134 0.041834518213263866 0.04478587084819466
2 0.1109375 0.96875 0.046875 0.05624999999999991
0 0.33359172568592177 0.8450765083818023 0.048026916770456174 0.051709050290813074
0 0.09078649951335954 0.5151338112722993 0.048885715691847575 0.06703552258438261
0 0.6859895464283621 0.44945242138712826 0.05500303588131383 0.05407377704682642
0 0.5080452216849954 0.7844950766434753 0.05013569166479642 0.05981998482157502
0 0.8147906827181223 0.4072828671179971 0.05255364925276984 0.05108778430622862
0 0.5816322213056135 0.6260899369315456 0.061020535229586614 0.06185286733113349
0 0.053678193255883425 0.6482970341030612 0.04939148741852811 0.05959627730235317
0 0.14815227063460468 0.4006010685182983 0.050128005290766386 0.06784283174624017
0 0.6936293034622153 0.9609513819849804 0.0433970685429772 0.05943081744088741
2 0.040625 0.9875 0.04375 0.025000000000000022
