0 0.9265756578947371 0.9139144736842106 0.06723848684210554 0.06925164473684253
0 0.816764802631579 0.9225871710526318 0.05799671052631583 0.06781414473684233
0 0.5583157894736842 0.5988980263157895 0.05829111842105261 0.054516447368420984
0 0.2873569078947369 0.2043618421052631 0.062442434210526254 0.057358552631578935
0 0.6030575657894737 0.7373371710526316 0.06298684210526317 0.06665953947368419
0 0.47591776315789475 0.5801776315789473 0.06107565789473679 0.05647039473684201
0 0.3101595394736842 0.43700493421052633 0.05526973684210523 0.053151315789473574
0 0.1048573735876738 0.09838607930720986 0.0601737521430219 0.05688507451511386
0 0.42525288641427694 0.41322594927324374 0.05783523616810354 0.05742040801196446
0 0.7363835896542967 0.5797312074458589 0.07043205825419296 0.07067117476257911
0 0.6271475416866943 0.5308391811567215 0.06348383703863536 0.06488265082709166
0 0.9596998638675602 0.7234494526105892 0.07782751424386203 0.08746397699641273
0 0.28823426801017915 0.028156321326547253 0.06715617867345275 0.056312642653094505
0 0.7232523191098867 0.7944631505007766 0.07437848626880128 0.07779565414086542
0 0.6825926121296088 0.4728635871291139 0.0630948630573489 0.06449219767459091
0 0.2709820305164642 0.49795983001470034 0.05314078921795368 0.056435145499314
0 0.1723202940093659 0.4562275609141575 0.07488690111305008 0.06562500000000004
0 0.2968564917804191 0.30597132104000846 0.05672365683340119 0.05232512354420221
0 0.43527134715766824 0.21316834274854135 0.07197371957101578 0.06966620998256609
0 0.5847955785398583 0.8507619075721518 0.056746820373548834 0.05629664740237661
0 0.2213935357862634 0.25020963168585336 0.05466506315222963 0.05163336441527422
0 0.7159527608348697 0.9031394046532704 0.05152189507297089 0.05150634209623739
0 0.21523939296868844 0.5664032366388319 0.0512451786221311 0.05466941983299167
0 0.667857058310693 0.9424492261046986 0.06114290160007885 0.061568122063970776
0 0.2418109802355548 0.374221749535089 0.05750639900818999 0.05156449969005933
0 0.4964812132768819 0.8889100440677418 0.058060404229247464 0.0601709535835484
0 0.8329607557083915 0.6437924879553805 0.0693637185580338 0.07785544645718367
0 0.021097561256063484 0.050007622512126954 0.04219512251212697 0.053125
0 0.3646169896535555 0.39656338116941037 0.053231668743029203 0.05210459452873656
0 0.5434768183099998 0.278400847365746 0.07100309402392269 0.07472681830999994
0 0.3528842042879432 0.526373371849971 0.04962174369994182 0.05216359857068553
0 0.3568024976495421 0.2821173733945949 0.05694568473709993 0.05781333719754245
0 0.01470457307884673 0.16739626545625266 0.02940914615769346 0.056490318876430246
0 0.0969224137173619 0.17354813200717784 0.05838361728128773 0.05373418444502892
0 0.5695792652835352 0.4048039875500314 0.059913543176425055 0.05948125905855095
0 0.7478928932637208 0.4312296227974748 0.07545619510088741 0.07890789288798589
0 0.1759162382270607 0.126682934352987 0.055619349804683665 0.054833038740737
0 0.424897954424313 0.8065587964196879 0.058973219838301505 0.06222370846659475
0 0.4053061776465435 0.5133719153377754 0.05393473480866773 0.05767042293922864
0 0.9431468745995906 0.8193612593764503 0.06632652080168044 0.0670245828242263
0 0.35721392861118273 0.18281250000000002 0.057363606526576405 0.05644961731144399
0 0.7644021055826333 0.6992339750135073 0.0629690553929626 0.07386546124687898
0 0.8549267174498951 0.7658279174102955 0.06820158205680349 0.0739927438800625
0 0.9730468322307204 0.382329980846174 0.053906335538558725 0.07202389496101186
0 0.4650727679450384 0.3549468445299686 0.05504026350651858 0.05364368905993738
0 0.7019791080814699 0.6904516329938758 0.0527257505885913 0.056596734012248406
0 0.16671278171980158 0.04087574633356122 0.0572097089154982 0.052750987193897245
0 0.664587432580187 0.8227926598205537 0.05455021176940622 0.06215941465363595
0 0.4773372174572056 0.7239077938566827 0.05894666863839765 0.055354541246495526
0 0.064579890719625 0.018089455573367497 0.05162211004913428 0.03617891114673499
0 0.2837363842673606 0.6428624533336132 0.05099488800067159 0.05447490666722632
0 0.06851824866519897 0.23033028217049384 0.05166052060710902 0.05192798206249297
0 0.16322903956187507 0.3186346123281247 0.05277945038352677 0.051818682191964394
0 0.4317784658322374 0.6327227273896252 0.05210825605704805 0.056381407773889225
0 0.23838390584271218 0.065625 0.05473990024426437 0.05182450122132213
0 0.6331124495377871 0.6509419261114842 0.05734112101726341 0.05811161768379847
0 0.17042766557856306 0.19724029906908153 0.053340607271591955 0.05169514945709763
0 0.4317939600603876 0.3054978993961234 0.051974676113061336 0.051504201207753175
0 0.874861226286383 0.48308952576652947 0.07043379495912627 0.0757163648007918
0 0.6797472410395906 0.3502824065624559 0.07180820280711675 0.07132756308061183
0 0.909375 0.24828742228327405 0.07645722765552054 0.06177624346761648
2 0.5015625 0.471875 0.05937500000000001 0.05625000000000002
0 0.03197685400484238 0.1165380778046804 0.049515430663438345 0.05182615560936078
2 0.9859375 0.5671875 0.028124999999999956 0.05937500000000007
2 0.10468749999999999 0.334375 0.046874999999999986 0.04999999999999999
0 0.5448880973204691 0.3534181060664392 0.05251556154853021 0.05740716784562877
2 0.5546875 0.915625 0.046875 0.050000000000000044
2 0.23281249999999998 0.14375 0.04687499999999997 0.04375
2 0.0515625 0.2890625 0.046875 0.05312499999999998
2 0.8 0.8265625 0.05625000000000002 0.059374999999999956
2 0.534375 0.721875 0.04375000000000007 0.04375000000000007
2 0.384375 0.6312500000000001 0.05624999999999997 0.05625000000000002
2 0.103125 0.3953125 0.05625000000000001 0.046875
