0 0.3308569078947369 0.9850493421052631 0.0351743421052631 0.029901315789473748
0 0.3167197991344243 0.8006791301577265 0.043378054803253296 0.052024662126290755
0 0.3064679119897807 0.8917851985244079 0.0392037876269955 0.05853688502083332
0 0.09331651158110421 0.8032777054236243 0.05213783113408603 0.0645873910825785
0 0.24777001079455727 0.7098303563691606 0.04656002155192224 0.05755263495056262
0 0.37220016963355834 0.928142344898427 0.04608764154437173 0.06050285276692835
0 0.23554076917971511 0.8726315123586026 0.04980241807002772 0.059837175543897225
0 0.15417884661346726 0.7098102763915916 0.05422007471778764 0.06006687288828272
0 0.27693852660435747 0.9538400190031124 0.03780950291590973 0.045709885981325415
0 0.13398325298857452 0.5888966632581256 0.04509648552590262 0.056591569279202614
0 0.2219445745526598 0.8031061090196132 0.044593518122783365 0.05829781062036521
0 0.10303305166539575 0.9712755692692521 0.04373889763802334 0.05240370744916145
0 0.1664433438860644 0.026139500385706015 0.050033797641681116 0.05227900077141203
0 0.1855763881807694 0.938484006250443 0.038218053425146614 0.0456239993170684
0 0.025294982090740117 0.8648441863896722 0.04799769903788689 0.05029970869519551
0 0.9859127473934559 0.16796832061486439 0.028174505213088175 0.05741402513439084
0 0.17310261241829944 0.818781813326072 0.04985624876542552 0.054420555846036334
0 0.813963538079109 0.6815677764969263 0.042837353627653285 0.06557001624776715
0 0.07185520558884198 0.6573955588841971 0.04553149700422256 0.06252986226303214
0 0.35599550568478 0.6965975442486829 0.04057811786872961 0.04511021489326583
0 0.3579501395329391 0.7556546970016186 0.04122674290029099 0.05054738749505838
0 0.29557654001273176 0.29551303332626006 0.04658678711172404 0.05977606665252011
0 0.44936564872826706 0.8104585380778906 0.044688073766917746 0.06010258013396097
0 0.16382658183771204 0.12210056497733475 0.05071145474251795 0.05331765529464813
0 0.17946833181125227 0.6617646117275577 0.04767886239549843 0.051350033720707566
0 0.3067495579730227 0.4065878059254393 0.04580106552267177 0.05346061908018501
0 0.4272782299210364 0.6858221580019426 0.04201025332753405 0.05655387445109239
0 0.23083821779626545 0.211071645461056 0.04235208954330846 0.058037843283142154
0 0.30310957431430885 0.5101711809325737 0.04633531305082189 0.06296770041595245
0 0.07807495936208178 0.4425868640342675 0.05084236474735476 0.05855594443378059
0 0.5565900215846726 0.6594307988721567 0.03632576342871385 0.05300206671351382
0 0.09530798163840706 0.1574338998524062 0.05711491388938646 0.06178638075284473
0 0.43500455112118974 0.9335957000381514 0.04435679551524058 0.05667649091602733
0 0.3677785457874068 0.6185505036629156 0.0398716263734733 0.0488030219774942
0 0.25171130008847353 0.35030372936649895 0.04564403948292914 0.05182015897769232
0 0.06818922114879683 0.2710722356400394 0.0518532543998856 0.061536682768047274
0 0.10929079502566948 0.37637516838952845 0.06075940481476336 0.0726042378705885
0 0.27300922037589853 0.5610780145542131 0.04906822556724244 0.05853191267472069
2 0.8984375 0.0140625 0.046875 0.028125
2 0.953125 0.059375000000000004 0.050000000000000044 0.05
2 0.6015625 0.3203125 0.046875 0.046875
