2 0.2046875 0.3734375 0.05937500000000001 0.05937500000000001
0 0.13423733145262912 0.743121561100188 0.06834119946432957 0.07062813802104606
0 0.2563279318482076 0.9089655856606611 0.06686843920647101 0.0674526293789025
0 0.37304549904187023 0.5752905618795104 0.05968876681819596 0.06290423845914606
0 0.4317727549197373 0.7577627003686958 0.06294601198320676 0.06538473107907516
2 0.21875 0.5328125 0.0625 0.06562500000000004
0 0.039927631578947326 0.3800361842105263 0.05959539473684211 0.050106907894736874
0 0.46611348684210524 0.37317927631578945 0.05217927631578945 0.05223848684210519
0 0.02406352630127462 0.8343028403761588 0.04812705260254924 0.06765424016000365
0 0.5884935970685388 0.9104686722429511 0.059594383727374134 0.06552781950326525
0 0.12945723684210522 0.4517253289473685 0.055421052631578926 0.05639967105263155
0 0.5066414473684211 0.9362483552631579 0.05811348684210543 0.057924342105263094
0 0.37791776315789477 0.39431414473684206 0.06302138157894732 0.060575657894736845
0 0.741453947368421 0.45764144736842105 0.06175986842105263 0.06272203947368421
0 0.6887138157894737 0.7745559210526316 0.06140460526315794 0.06738486842105262
0 0.2607111915985058 0.1624221573316732 0.05494350154812766 0.051180098895508064
0 0.2717964367000767 0.2948934130122689 0.05830154712798999 0.05142946606914317
0 0.28119638899847965 0.4397609059879489 0.05765349215586296 0.06402797302437407
0 0.5515962801897851 0.49291496642507776 0.05377899569754252 0.0569663570977782
0 0.6632020632921221 0.4988199361685609 0.06070138002239045 0.05778856423592682
0 0.24329202534334962 0.042907419207378665 0.053139998316820314 0.05098453880878652
0 0.35232722039590225 0.04705977392424167 0.054905265193635866 0.052474901082622455
0 0.6879773547857044 0.2427589111714874 0.058880780278184 0.05462825816952169
0 0.11192580540865674 0.1745202690033354 0.05930767466820801 0.05654021139379925
0 0.579823113293977 0.659437311723898 0.057400262371253286 0.06432381629113615
0 0.721035229619521 0.3442727198467205 0.0600562479189537 0.05818647696507312
0 0.3718851397204551 0.13402809685615977 0.04851448996975177 0.04742783777407024
0 0.9027373387451807 0.34275330621235084 0.053170430832818916 0.05633578121219762
0 0.12281602118091983 0.8950245713010592 0.06179974403412253 0.06302766587218334
0 0.5606306812839195 0.3911030894018436 0.05761558295534286 0.05951971309184029
0 0.01695156664124651 0.48599725610321065 0.03390313328249302 0.06666438461888347
0 0.3588273759321233 0.8548083908276483 0.05160301862401839 0.05533822829965229
0 0.5000347866653481 0.6832387784950903 0.051903545491204406 0.05797256405086548
0 0.7767725224900232 0.5748803110596061 0.05638044137639486 0.0601218544932246
0 0.1079857042420325 0.5617247920092386 0.062475831963045694 0.05950096672147809
0 0.12740664814427644 0.332484692215297 0.06023896704718634 0.05756980592887184
0 0.6810510537270946 0.9008215529864463 0.05246465895933883 0.05730853942484393
0 0.03154533860484603 0.6888939375349943 0.05486713947344491 0.06372866517736464
0 0.5937798668733484 0.7844386487919806 0.05180140087325702 0.056769429885958234
0 0.7898058078427317 0.28788971400158847 0.051104189671167144 0.05034099975138995
0 0.7367221400353787 0.6495205320054513 0.04686322046359248 0.05335319417010631
0 0.6771247970842793 0.649520569680986 0.04953450931212444 0.05605623807326221
0 0.8046319959303938 0.39905470902116374 0.049014118193998146 0.05074378546735725
0 0.8323324492498549 0.5215722440421262 0.06228547460525158 0.0631547141543774
0 0.03685105579101217 0.21315831644018549 0.0548741983298693 0.05375405213364193
0 0.42973760248713566 0.8796262449131222 0.05245390887954171 0.057113663483003396
0 0.7981519594490395 0.8180498861371439 0.05284804895586781 0.06223236944584121
0 0.8662924118180907 0.39470444873261823 0.053343134551086635 0.05472207160608361
0 0.6541846184756214 0.3926903815243786 0.05118121403839759 0.053092001453452276
0 0.6249523990297298 0.3075012087271182 0.051022274222481956 0.0527744202024496
0 0.5362288343835517 0.30203121578319425 0.04639192270711068 0.04835015839142409
0 0.6297804177162234 0.5728283610339592 0.05305413004139048 0.053146451254425076
0 0.9204503777516493 0.7294544373034536 0.0508302288340049 0.05860410031142349
0 0.9199501160454044 0.6277392363480816 0.043731903280144646 0.055851872163184546
0 0.16887725650407634 0.22406716470934118 0.0634215263266315 0.06183138863452867
0 0.026478762876962606 0.5962335919385757 0.04867992249967459 0.06096840466754727
0 0.5142675835661761 0.8107632865607396 0.058799392203064904 0.05458715141058135
0 0.4879553495678084 0.2277748866220544 0.05545465582303244 0.056287439941751616
0 0.01333898668648618 0.05276324334324309 0.02667797337297236 0.046875
0 0.16766419991875275 0.10733739360747466 0.05542372801299947 0.05445604548072906
0 0.6211455194509233 0.12739787559455112 0.04824221325989986 0.05117500489817137
0 0.8526520051853946 0.664597265114391 0.04868092556284931 0.06153585728540445
0 0.42485038397385355 0.6501394711237742 0.0454206981027408 0.04999999999999993
0 0.43817944622529326 0.1586712878380891 0.04598246616882057 0.048603187323522895
2 0.9875 0.8046875 0.025000000000000022 0.059374999999999956
2 0.9875 0.5609375 0.025000000000000022 0.059374999999999956
2 0.98125 0.30625 0.03749999999999998 0.04999999999999999
2 0.546875 0.028125 0.05624999999999991 0.049999999999999996
2 0.13124999999999998 0.0359375 0.056249999999999994 0.046875
2 0.3359375 0.9703124999999999 0.05312499999999998 0.05312499999999998
2 0.90625 0.503125 0.05624999999999991 0.06250000000000006
2 0.7015625000000001 0.046875 0.05312499999999998 0.056249999999999994
