0 0.44099338764054685 0.8119777856888122 0.07108173602564438 0.09186878152934597
0 0.03700324604999882 0.8446014732476633 0.06661124310628148 0.08518140778628136
0 0.6006134868421054 0.8899736842105264 0.07205263157894726 0.07214309210526304
0 0.9328700657894737 0.12397039473684213 0.06561019736842089 0.060648026315789486
0 0.7916552277710789 0.189089193361139 0.06520499958934456 0.06572339186193488
0 0.7250440455428772 0.8286835217166522 0.06512767595946367 0.06908345598899579
0 0.9199916663528998 0.9754010020053417 0.05828218518368311 0.04767858646407075
0 0.47110675004579466 0.6427317030341856 0.07182959578011283 0.0724343377741481
0 0.9751652047989888 0.48229517694000257 0.04911067232161748 0.06819976538480793
0 0.9614945548878735 0.26161830197859687 0.06044270461672596 0.057533876066253625
0 0.6164079365484865 0.720090447026052 0.06861560147633883 0.073016716003653
0 0.3510285864830241 0.8933129336251702 0.07613361619806835 0.07465468903362005
0 0.8231926190698108 0.9796409117843754 0.050041827469844646 0.04071817643124964
0 0.9859375 0.049205572180575224 0.028124999999999956 0.04844628521294986
0 0.247090344950872 0.9641062985082438 0.062135338213195945 0.06276511722951594
0 0.8264508010130605 0.7166283985185353 0.06948320051197676 0.07290959854032153
0 0.0355078837175664 0.9460624093007963 0.06230080209210506 0.06712447011941625
0 0.535143719389733 0.7868761322788429 0.07240102304431273 0.0804551561284278
0 0.8057644226235157 0.552381044774463 0.06284475255049637 0.06647890023201608
0 0.9205614735813983 0.6105021578570173 0.07293847806603226 0.07134881478523325
0 0.690675353969054 0.6109720865535107 0.0613866169412729 0.06541035962724162
0 0.7574572112231941 0.05132420727156668 0.06386277060040202 0.05727198682013974
0 0.09243017036818514 0.4975893564609064 0.06851518226634687 0.07596942697273112
0 0.8131400378432768 0.842083039816288 0.054421654494318794 0.060559455251184
0 0.7097043610147162 0.6984603109148335 0.06302571389112954 0.07507152277217244
0 0.15068364508707607 0.6422390863294868 0.06640027188874875 0.06936580908159695
0 0.9087731224907813 0.7541732239443326 0.06471070179336447 0.07107706417718385
0 0.8535367158428774 0.016960422380144245 0.05542633923773033 0.033551453775987755
0 0.43725496757497456 0.9545488997881484 0.05949215487939974 0.05825366044003055
0 0.8844154850467116 0.33293799267970453 0.06651675518674638 0.07013285445840556
0 0.9294600806851285 0.02421903041198375 0.05528064709529923 0.0484380608239675
0 0.27078688301182474 0.8174725532269551 0.06090685007758184 0.06648558993122577
0 0.19528462861641557 0.8358513559731262 0.0625451001889592 0.07364956695360203
0 0.8754040704202601 0.1903417538465021 0.053443382711781395 0.05916633433752913
0 0.838311624280285 0.0883453052977185 0.055329642586278704 0.04883157912066745
0 0.26404651019429504 0.6972225600683423 0.06487044514394319 0.07378205465168852
0 0.5171364214448501 0.048114486580708014 0.0643089736116702 0.05568073092914248
0 0.6467990343237053 0.8246084298704583 0.05141861889214783 0.055814576158276785
0 0.5115447471950489 0.9153224744627251 0.06584939103902687 0.06150166300648563
0 0.37214298367824805 0.7648703033039448 0.054566468083189434 0.06687129638677314
0 0.6862397586134076 0.23477260611812198 0.05495705759929592 0.056479306308083344
0 0.7714865638078126 0.26975752047433305 0.057233728569550335 0.06157938667134166
0 0.8425512915887237 0.23374442791287892 0.05251868068546062 0.05002425277258152
0 0.5926634887680962 0.5414216236755455 0.05847351190970629 0.06448907739232501
0 0.6169997414009378 0.42309226755531193 0.06056708473839856 0.07082129539654519
0 0.07717290912886982 0.7109874445923581 0.08968827609993843 0.08669625803600456
0 0.4211682868946651 0.7078444758306706 0.052605985256731935 0.05503286570738408
0 0.36530501022782147 0.47987604223967595 0.07919423752123461 0.058620350093986084
2 0.0203125 0.578125 0.040625 0.07499999999999996
0 0.259138450820909 0.49258540353968727 0.07104681816538899 0.06203238400362138
0 0.36666822470155574 0.6443041201147137 0.06511531984396834 0.07036020642568441
0 0.73577219534278 0.3861342234788562 0.06307083020940452 0.05762351261200954
0 0.6654523671764683 0.13762088339706582 0.06410863055557059 0.06794391142553746
0 0.7143946586777574 0.4906248574345101 0.06352284907276151 0.06659282194594501
0 0.54037484985179 0.5329972973322217 0.06535907576871025 0.06788837171172135
0 0.12955860041323186 0.32832892642756784 0.06407979924272936 0.06432612904341828
