0 0.9179682210145286 0.3772598792076851 0.04827204399665186 0.05601625459045101
0 0.7776578947368421 0.4565542763157895 0.05691447368421043 0.06612828947368432
0 0.8027253289473686 0.6472615131578947 0.06026809210526329 0.0683651315789473
0 0.7015735602922637 0.9052656693223111 0.047377575240368563 0.05440516974737586
0 0.8560721372606778 0.8470381779741117 0.04537239698918771 0.05526229410069372
0 0.6212411321745858 0.8470087351895579 0.05423554766630079 0.05966586625250381
0 0.9041794131202812 0.6093824462166186 0.04742927659605678 0.06708868262845635
0 0.5359314414518899 0.22696706977228812 0.04358977122922825 0.049121227334344264
0 0.6754648768767126 0.09853042948235889 0.05280358590605572 0.04964107972612031
0 0.6069712196655505 0.3592553458356226 0.048673830254040595 0.050516254886154854
0 0.9629322074421096 0.6431954314936548 0.04226800492163596 0.04235803133507032
0 0.6611738069975974 0.5713376944128628 0.050945227990389697 0.05722783037706247
0 0.5023238680991973 0.0955264278986527 0.04090919698374007 0.044864336919312034
0 0.18709302544812134 0.7353110478197594 0.05361744899807552 0.059364000244807036
0 0.5709697309931282 0.027326858910975315 0.048724027692786054 0.049095293814407366
0 0.3503891736017427 0.32532647602304887 0.05674543838201551 0.0642041322099724
0 0.6678425601831948 0.45396311410832896 0.0522956230159376 0.05826431006332422
0 0.8229042003810669 0.7597850857894015 0.04480862069588676 0.04765610079082727
0 0.5745454864715718 0.8011853348686678 0.047727721166490045 0.061014848397096255
0 0.5132470716302542 0.32459001235004387 0.037846177840631046 0.04663810127035928
0 0.3989711291359981 0.47976790838296446 0.05468041562192716 0.06192198711942409
0 0.7851410155203216 0.1344544338711478 0.05090918285825918 0.05187198987510362
0 0.49697764196466915 0.5206048313298317 0.04677651452033482 0.05298944953648188
0 0.9548046100891525 0.12441061797863506 0.053048015354396294 0.05784188012602466
0 0.5331834538289326 0.4327329052317693 0.05174586257693925 0.0653135687851975
0 0.9567997593482314 0.2579424425848432 0.0711281332042949 0.08090229390324094
0 0.5086659934117026 0.8314884266303793 0.048897052733365864 0.050864885574477214
0 0.9676042131003757 0.02002863617012366 0.05480197339830317 0.04005727234024732
0 0.8295514994923403 0.5635325196111858 0.05053949489901011 0.05483796441987587
0 0.278487734807894 0.13273913183184927 0.04902280865694464 0.0528507347444965
0 0.8108303698387542 0.04560240428486266 0.051016127100629416 0.05815889357270595
0 0.3008033594040497 0.014653964851012408 0.0445091405959504 0.029307929702024817
0 0.33518280966858693 0.5541006357266556 0.04684367937824446 0.0474248305077869
2 0.9468749999999999 0.4515625 0.03749999999999998 0.046875
2 0.48124999999999996 0.0265625 0.04999999999999999 0.053125
2 0.928125 0.8828125 0.050000000000000044 0.05312500000000009
0 0.24323725710092364 0.08396925069526129 0.058402188576112124 0.06552787548051109
2 0.75 0.79375 0.050000000000000044 0.0625
0 0.4721506544784546 0.22185000295042562 0.030900041305958803 0.03492197527146845
2 0.846875 0.984375 0.04999999999999993 0.03125
2 0.9890625 0.95625 0.021874999999999978 0.04999999999999993
2 0.9859375 0.5234375 0.028124999999999956 0.046875
2 0.521875 0.9875 0.04999999999999999 0.025000000000000022
2 0.8859375 0.4984375 0.046875 0.059374999999999956
2 0.665625 0.0203125 0.043749999999999956 0.040625
2 0.1515625 0.037500000000000006 0.053125000000000006 0.0625
2 0.009375 0.8296874999999999 0.01875 0.05312499999999998
