0 0.9147813510146519 0.12171180756992922 0.06029872155781313 0.06291096300666775
0 0.8927214120667875 0.2890981985222333 0.06041961952506536 0.061676287797618856
0 0.7757358019468567 0.34488236467139377 0.055311301247546796 0.061536961757560904
0 0.888977213999357 0.44064486314487733 0.06388149348649064 0.06219694443204293
0 0.8561433833827142 0.6038868612540229 0.052467351510965266 0.06012658399045567
0 0.8105970394736842 0.7021858552631579 0.045069078947368446 0.05453124999999992
0 0.8896101973684212 0.755888157894737 0.05206250000000001 0.06159868421052617
0 0.9246069078947369 0.8949736842105265 0.050715460526315814 0.05591118421052632
0 0.8317072368421053 0.9397582236842107 0.050166118421052674 0.06002960526315815
0 0.5323815789473685 0.6026447368421053 0.056129934210526256 0.0563848684210525
2 0.7406250000000001 0.5062500000000001 0.05625000000000002 0.05625000000000002
0 0.6625941003213704 0.46522366619386546 0.058611714541348725 0.05610346962960627
0 0.9387812500000001 0.5906628289473685 0.04850657894736854 0.05637006578947357
0 0.685429924826806 0.8298224052745098 0.05474139040176196 0.05935068263072818
0 0.6377944078947368 0.9644259868421052 0.04690625000000004 0.05753782894736825
0 0.5637680921052632 0.930796052631579 0.052888157894736776 0.06150657894736855
0 0.4707105187560367 0.13267906539939014 0.05749926539728356 0.06134696901615255
0 0.36756088311407636 0.5124443204792166 0.05011838324963103 0.056488254495506374
0 0.3645138766371794 0.6258234188341912 0.04714132619592881 0.05193314227582113
0 0.40346126285415074 0.9743989553224333 0.05377013549248483 0.04821788979986874
0 0.312360197368421 0.7029769736842106 0.05401315789473676 0.05167598684210517
0 0.6214123523808333 0.7148687613126651 0.05704733550237728 0.06692480849441229
0 0.49838991263435534 0.8695032006790057 0.04445502246389521 0.05135936202144742
0 0.7883273727507785 0.20124664115457036 0.05603716951173854 0.059688422426633025
0 0.3663059210526316 0.834560855263158 0.04258388157894738 0.050315789473684425
0 0.9779467968188401 0.34843749999999996 0.04410640636231977 0.05539366925533723
2 0.421875 0.7109375 0.050000000000000044 0.059374999999999956
2 0.9859375 0.4671875 0.028124999999999956 0.05937500000000001
0 0.966699928022438 0.7072556172037215 0.05075107064687201 0.06334099837392171
0 0.13633577721040208 0.33520224686306455 0.04964762211856874 0.05471816457537637
0 0.3194188553782208 0.562285931056493 0.046694965098688146 0.05039383209262671
0 0.6729947566751877 0.12188228239557278 0.05960927002556293 0.06459855638107803
0 0.07567333485900285 0.28613387124102435 0.05229049825685099 0.06343551067305964
0 0.14335192551194437 0.16673454747755379 0.05337758341289152 0.050962724536862986
0 0.2167543767425038 0.9425756020097207 0.04699537655850017 0.051478205229438356
0 0.445313361917305 0.8292066501312383 0.053956570370235435 0.058704208222900456
0 0.34817978718539433 0.309850110620909 0.06098532189413508 0.07361513315693935
0 0.10680061885153247 0.056825553375449 0.053350738461828195 0.05240445674830922
0 0.8916846754780489 0.6704838776619011 0.046883040417156296 0.04869029339411135
0 0.7692386130016657 0.807545620476676 0.05238168382715436 0.06225310506991932
0 0.9694154793182249 0.9901910620453254 0.048669041363550214 0.01961787590934916
0 0.5705603465177964 0.34521728271180696 0.051098546060471484 0.056879419591804925
2 0.221875 0.8390625 0.056249999999999994 0.06562499999999993
0 0.5534319162754975 0.13582698691276457 0.042393015828629976 0.042484916500856534
0 0.4545428627861146 0.26147666249161616 0.04393856894372494 0.05022025073921721
0 0.09752528240331654 0.9794027562307903 0.046927133106021285 0.04119448753841892
2 0.6171875 0.59375 0.059374999999999956 0.0625
0 0.16830721020402056 0.8845551304244963 0.03838737116555227 0.04295197353186864
0 0.6945440622433267 0.23770255845155774 0.048071939600056846 0.04281865924258277
2 0.4484375 0.3984375 0.05312499999999998 0.06562500000000004
0 0.4024572070122254 0.17134794025132158 0.04115576551497174 0.041094097369208826
2 0.96875 0.015625 0.05624999999999991 0.03125
2 0.3109375 0.8828125 0.04062499999999997 0.046875
2 0.5203125 0.0140625 0.046874999999999944 0.028125
2 0.028125 0.4703125 0.05625 0.05937500000000001
2 0.3609375 0.121875 0.046875 0.056249999999999994
2 0.9328125 0.503125 0.05312499999999998 0.05625000000000002
