0 0.3177861842105263 0.1366496710526316 0.050654605263157904 0.05586677631578947
0 0.9439358552631578 0.5178782894736842 0.059333881578947256 0.06986019736842092
0 0.41156509822782056 0.5947693624739635 0.07421547221073432 0.07321300187712754
0 0.1505904605263158 0.20756907894736845 0.06014309210526311 0.06137500000000001
0 0.8428684210526316 0.543016447368421 0.05964144736842103 0.06387828947368424
0 0.5356036184210526 0.5651299342105264 0.07405263157894737 0.0697286184210526
0 0.07264309210526317 0.32925328947368415 0.05482565789473681 0.05478453947368417
0 0.5626907894736843 0.13582730263157894 0.06210032894736828 0.05751151315789474
0 0.6269753289473685 0.4852055921052632 0.06273519736842104 0.06626315789473691
0 0.22122861842105263 0.35413980263157896 0.056707236842105185 0.05340624999999993
0 0.734078947368421 0.40858223684210526 0.07046710526315791 0.06764144736842098
0 0.9811677631578948 0.20328947368421055 0.03766447368421044 0.06250000000000006
0 0.4538881578947369 0.03258223684210527 0.06228782894736834 0.056753289473684215
0 0.6133072767916957 0.7321359673495442 0.06861094666853673 0.0755962983200974
0 0.8716940789473684 0.3789473684210527 0.07453782894736827 0.07560197368421057
0 0.4842269736842105 0.9365016447368422 0.054976973684210506 0.05377960526315795
0 0.7067272036729637 0.09445370508676922 0.05953045970418691 0.07157585527243934
0 0.33131244910074775 0.9721790814322406 0.06182230908424241 0.05564183713551929
0 0.5432302631578948 0.2606710526315789 0.05752302631578954 0.06306085526315794
0 0.413571830231366 0.251098960979052 0.07583236156414025 0.06781013798795402
0 0.19769572368421054 0.9498601973684211 0.05823190789473681 0.06808223684210535
0 0.8390625 0.8953848684210527 0.0596414473684207 0.06606907894736835
0 0.7952730263157894 0.7273026315789475 0.06128618421052634 0.07283717105263154
0 0.2334325657894737 0.8144046052631579 0.06101809210526318 0.0698026315789475
0 0.6578700657894737 0.28573026315789474 0.06533717105263159 0.06384539473684203
0 0.5308404605263158 0.3805115131578948 0.056873355263157954 0.059361842105263185
0 0.1348127063649881 0.9003900277684366 0.06578910875912876 0.06174703265548698
0 0.35288651315789477 0.43342927631578954 0.06165296052631586 0.06066447368421041
0 0.26839967105263157 0.47903618421052635 0.054649671052631604 0.06542927631578943
0 0.6854934210526316 0.8421743421052633 0.07270723684210512 0.07855427631578937
0 0.9639802631578949 0.08050986842105265 0.06875000000000009 0.06726973684210528
0 0.8770526315789475 0.21901644736842107 0.06880756578947389 0.07003782894736846
0 0.7835592105263158 0.24495065789473686 0.060531249999999925 0.060871710526315764
0 0.36118585526315794 0.7776381578947369 0.06424835526315786 0.06906085526315786
0 0.46098026315789475 0.48430263157894743 0.05959375 0.06126809210526318
0 0.2735655743841501 0.6307807874369176 0.06222120873129261 0.06894086504314989
0 0.18222603851708158 0.6658628551075614 0.06502470721136458 0.058953793321534054
0 0.13971217105263156 0.7695805921052632 0.06836677631578943 0.07041118421052628
0 0.11730026466785269 0.41658380102059356 0.05386367346820084 0.05691492665891901
0 0.5411399966906123 0.6781992797870545 0.04997990240074279 0.05391687860912464
0 0.5885227808728465 0.8737200953248783 0.05292513710907376 0.05210626790647466
0 0.1531878479775115 0.5438621047116535 0.06789365747853839 0.05704349454394997
0 0.8624542847790884 0.07921190943727852 0.06731372125460278 0.06398233236626888
0 0.02676790525675345 0.7825310690292104 0.047355697265539724 0.0598887502455524
0 0.7070399630308006 0.5528965893464339 0.06715157682716744 0.06687771893969996
0 0.9101780563277913 0.9760522554515846 0.06090437319927633 0.04789548909683128
0 0.05111684128052055 0.6045785928249809 0.06102619755463531 0.058498802380934634
0 0.2448044257900405 0.23097152313607616 0.05122639986018357 0.05047764484030781
0 0.4477470753858318 0.3483214715176114 0.05786860648001663 0.06192748863276787
0 0.34742284037557536 0.02624785863325498 0.05596537297848725 0.04724558033391275
0 0.030086828328044903 0.21255837664962324 0.05657304416510021 0.05975377013399094
0 0.5020902053498161 0.7888551910906667 0.06584581598620726 0.07396252581177021
0 0.019791147514415457 0.45763921436461674 0.03583630121152609 0.05777291537079954
0 0.8033819518670129 0.47200062187359937 0.06440647214985462 0.06483495473934053
0 0.3517928589186333 0.5328392738757779 0.050453241869437504 0.05452998674087117
0 0.3991305154557956 0.8573812033456096 0.06185363100154473 0.06310018332761913
0 0.6370156516461974 0.0452234628917101 0.06021373171040678 0.06477544214242867
0 0.7346589970224923 0.9735890991373295 0.0641669347840006 0.05282180172534101
0 0.1215658755065324 0.08948266068215857 0.05873845217241405 0.06396549872799373
0 0.3004412619715713 0.8946028828934846 0.050495348625027414 0.05728432542431938
0 0.6244405028757838 0.18194680325021284 0.05596494412491271 0.061476024376596716
0 0.2390146714284551 0.03415189999565544 0.05703139999429779 0.05114848569426968
0 0.31618975836194735 0.3004881383335605 0.05702084339219382 0.07026496748969141
0 0.7810960669423792 0.12413148223794804 0.05955638412969566 0.05566394093547826
0 0.941068178918071 0.8524515983920031 0.05660122670991774 0.06783911274911769
0 0.09884523910527741 0.6816053210299278 0.05161987292176365 0.05421313008847539
0 0.22810800771882883 0.11591849572611845 0.05586986727537327 0.06134861861763537
0 0.5980153277574124 0.9863038070246584 0.060633271925870424 0.027392385950683718
0 0.9043936660130873 0.7361976431887771 0.06755960631193858 0.08176689420345584
0 0.6248499122951345 0.605391899882883 0.06366673975405435 0.0640112665885888
0 0.7035646391106899 0.3207002186058254 0.05571273958710998 0.0514490920835497
0 0.9580201729358311 0.3200314776380411 0.06084692728259444 0.05780458091846474
0 0.47082193895716007 0.14151053270188213 0.06595664053263633 0.05715604402137592
0 0.8114012907488887 0.33395747026436007 0.046101298458031126 0.05756002533016508
0 0.8344633448496002 0.9825640443286855 0.05181095567131433 0.03487191134262857
2 0.4453125 0.7250000000000001 0.059374999999999956 0.06874999999999998
2 0.5984375 0.4078125 0.05312499999999998 0.05937500000000001
0 0.7448683082604028 0.17368187321050127 0.0751192156149244 0.06147025907262452
2 0.0234375 0.9546875 0.046875 0.06562500000000004
0 0.9913106252025569 0.6336893747974433 0.017378749594886278 0.058790416801704715
2 0.34062499999999996 0.659375 0.04999999999999999 0.05625000000000002
2 0.7203125 0.18906250000000002 0.059374999999999956 0.053125000000000006
2 0.8734375 0.640625 0.046875 0.05624999999999991
2 0.042187499999999996 0.0203125 0.065625 0.040625
2 0.7671875 0.8546875 0.046875 0.046875
2 0.715625 0.6859375 0.04999999999999993 0.059374999999999956
2 0.296875 0.3953125 0.043749999999999956 0.05312499999999998
2 0.0859375 0.515625 0.046875 0.050000000000000044
2 0.053125000000000006 0.85 0.05625 0.0625
2 0.4125 0.9734375 0.04999999999999999 0.046875
2 0.9703125 0.3890625 0.046875 0.05312500000000003
2 0.921875 0.446875 0.05624999999999991 0.0625
2 0.765625 0.6109374999999999 0.050000000000000044 0.05312499999999998
