0 0.5906250000000001 0.027384868421052633 0.0625 0.05476973684210527
0 0.24307301289718575 0.3107342282724257 0.05885262618268247 0.06534980685824915
0 0.16787537694605456 0.4317919787819931 0.06797638329513905 0.07466936991145656
0 0.2824040326781704 0.8694411582032746 0.05365178475054261 0.06092364395948324
0 0.23185013447411268 0.6744609680989595 0.05070918646028133 0.06039620619559327
0 0.7928374913353848 0.07452029600640209 0.06762073740418095 0.07648541629527453
0 0.4590345383478619 0.5532632227789702 0.05652855953356756 0.06946398833918854
0 0.717720368105114 0.23057255728380072 0.06955692949346015 0.07326303807240175
0 0.5117688130882244 0.6884354457492243 0.04857976729929253 0.05705153746525593
0 0.687967724502506 0.13484985961886634 0.0662492634014531 0.06814992954116322
0 0.32626924934932766 0.496570218011645 0.06982138941732713 0.07357547682207422
0 0.32832175737192526 0.1648633766396339 0.053524788334261275 0.05859312243224901
0 0.0821917520051911 0.690222985700381 0.05442887450375515 0.06390696261036544
0 0.09254633160523362 0.12268627145531069 0.056816374640943065 0.05634690755823013
0 0.4413109958413597 0.0729836333662259 0.07082882485158959 0.07212692198048477
0 0.2681265028710279 0.4173457896106807 0.0512200596447529 0.06980532915823834
0 0.2166700731775733 0.5526247525394092 0.0523120978765399 0.06331290212346008
0 0.3064346890854349 0.6456454244871033 0.06293791864685011 0.07019853483632188
0 0.2570339690815949 0.049078868215635944 0.05196740858641313 0.05666873899256046
0 0.3167622019947679 0.7624320016293908 0.052629528069913334 0.054043074655608314
0 0.16609157876540126 0.6765656017637123 0.04668712778835449 0.05625000000000002
0 0.14184293054329147 0.8534069204645797 0.05054072907468604 0.06392526457093073
0 0.40038219688740084 0.7099814372007511 0.05180241347399378 0.06166687255066583
0 0.11236797414395175 0.324679639851868 0.06412560569474372 0.06549788791776384
0 0.21618957945346473 0.7900719730657838 0.050666936515737615 0.05653228972673241
0 0.5986530372872876 0.5348822828502202 0.0686120365209365 0.07847586710208354
0 0.6476369495476479 0.4222772897790238 0.06008707037308969 0.06802821122796326
0 0.4741693341938718 0.780179844830595 0.05667973705156337 0.05893648410331298
0 0.209923037044157 0.15100910229547543 0.06640588824051408 0.07317551885448913
0 0.4557724262105365 0.39719317667480053 0.06679750586560224 0.07621143936916186
0 0.039408761261421114 0.2496800141605106 0.059790981591336174 0.06878199858394893
0 0.5403446569794099 0.22505935043330758 0.06557626242325731 0.08571132344971005
2 0.015625 0.1 0.03125 0.0625
2 0.73125 0.325 0.0625 0.0625
2 0.6328125 0.603125 0.046875 0.0625
2 0.0140625 0.9515625 0.028125 0.059374999999999956
2 0.5296875 0.0890625 0.059374999999999956 0.06562499999999999
2 0.584375 0.34062499999999996 0.07499999999999996 0.07500000000000001
2 0.3484375 0.078125 0.046875 0.056249999999999994
2 0.43281250000000004 0.2359375 0.05937500000000001 0.06562499999999999
0 0.8388547470509873 0.009998258847038097 0.05437151769407611 0.019996517694076194
2 0.375 0.5859375 0.043749999999999956 0.05312500000000009
2 0.7234375 0.015625 0.05937500000000007 0.03125
2 0.109375 0.978125 0.04999999999999999 0.043749999999999956
2 0.54375 0.4515625 0.0625 0.07187499999999997
2 0.96875 0.109375 0.0625 0.07500000000000001
2 0.40937500000000004 0.978125 0.04999999999999999 0.043749999999999956
2 0.5796874999999999 0.7171875 0.05312499999999998 0.059374999999999956
2 0.3125 0.0125 0.050000000000000044 0.025
2 0.103125 0.0203125 0.0625 0.040625
2 0.1953125 0.9171875 0.05937500000000001 0.06562499999999993
2 0.71875 0.428125 0.05624999999999991 0.0625
2 0.3484375 0.2390625 0.046875 0.05937499999999998
2 0.8265625000000001 0.1828125 0.05312499999999998 0.05937499999999998
2 0.6015625 0.1359375 0.05312500000000009 0.06562500000000002
