0 0.07659046052631574 0.07314802631578947 0.08196217105263155 0.07248684210526313
0 0.0171875 0.2 0.034375 0.06569898037611308
0 0.37068290942064097 0.12179044144775647 0.05754988139685441 0.057999189708905205
0 0.41639738021238215 0.1639570080155792 0.05642928041386702 0.059263768605604616
0 0.035348999941393656 0.36274778949836056 0.0595696441338137 0.07650222383381078
0 0.24991355898515272 0.3840690810926195 0.060352242206717754 0.06473756213078408
0 0.2249191787261896 0.1625340314192991 0.07610168352418312 0.07046706047832502
0 0.18253312196797467 0.32619647760740317 0.06263295822401982 0.07442020689302853
0 0.1723298800452387 0.08476368776391408 0.0757902416062608 0.06759231210551515
0 0.12094863909707526 0.7952806033538335 0.059941720906088625 0.07060420555083147
0 0.061778527225720754 0.5021498653208292 0.06887567462618142 0.07350992646662347
0 0.1190500687868001 0.23047265296163583 0.07883110114869728 0.07322675072582319
0 0.01804286662502218 0.632973542828259 0.03608573325004436 0.0625832023162417
0 0.03194770949336601 0.7745708362303472 0.05534858092979365 0.06851612482691538
0 0.13086434809055886 0.45299185113198615 0.05737404337034524 0.05919746817598143
0 0.35967128699936246 0.26025860865193406 0.06015681336559564 0.06140002659753557
0 0.29144642699574685 0.08315357107404306 0.07034464331999929 0.061964283744683636
2 0.4671875 0.5109375 0.09062499999999996 0.08437499999999998
2 0.2796875 0.2515625 0.071875 0.07187499999999997
2 0.31875 0.3765625 0.05624999999999997 0.05937500000000001
2 0.5 0.0328125 0.06875000000000003 0.065625
2 0.22812500000000002 0.5796875 0.06250000000000003 0.06562500000000004
2 0.36406249999999996 0.0203125 0.05937500000000001 0.040625
2 0.034375 0.265625 0.05625 0.06874999999999998
2 0.12656250000000002 0.6140625 0.053125000000000006 0.05937500000000007
2 0.1890625 0.5078125 0.05937500000000001 0.06562500000000004
2 0.8484375 0.8140624999999999 0.05312499999999998 0.05312499999999998
2 0.01875 0.4703125 0.0375 0.05937500000000001
2 0.4984375 0.11875000000000001 0.06562499999999999 0.06875
2 0.06875 0.1796875 0.04375 0.046875
2 0.0265625 0.9078125 0.053125 0.059374999999999956
2 0.221875 0.0546875 0.056249999999999994 0.059375000000000004
2 0.5203125 0.25 0.05937500000000007 0.0625
2 0.090625 0.70625 0.056249999999999994 0.0625
