0 0.958509881070173 0.9493664683261522 0.03857567235619963 0.0449791185073497
0 0.7360921052631579 0.9474391447368422 0.03701151315789475 0.04052302631578952
0 0.9789299997403198 0.7213074976628772 0.0421400005193604 0.04867499740319681
0 0.5964314318465707 0.9747246818358024 0.04020145477256465 0.03902370484794171
0 0.8105266451689919 0.9842740871722675 0.03790264344809713 0.02608124279543167
0 0.33890804955880194 0.9627785152973456 0.039512620487914374 0.04144563337905993
0 0.47505170484419224 0.9785648323264879 0.038270821306656044 0.037220618392351246
0 0.24428961478744932 0.960946251112752 0.041422886579825846 0.03494412099951549
0 0.4132375831965074 0.8993260733236842 0.040183325923461355 0.04295540015955179
0 0.33256464652395246 0.04862617570022208 0.04671375288997742 0.051217303122758656
0 0.7090434676072624 0.802849634963857 0.039515981589561155 0.04402396108383766
0 0.2236186635013543 0.05949419491152628 0.047191896332275635 0.05305738189194541
0 0.8872549826938032 0.7568117859682189 0.044862712178116326 0.04569345507211631
0 0.3385525906858248 0.900499419520341 0.034908639741376535 0.03936817337150367
0 0.9223025479497635 0.6942910359128369 0.04286070026449185 0.04016324821425543
0 0.14239146658796378 0.09524394500566266 0.0407617333134528 0.04803746861235514
0 0.057941871851006736 0.09784005703900037 0.04485229893533467 0.05739654404445722
0 0.4998873618538671 0.9262954201848139 0.033955303147564675 0.03663787990186507
0 0.23019920415932738 0.180734693338004 0.04865731642580731 0.05334265350725004
0 0.6431596460093906 0.7653303418734348 0.03968671240513055 0.04701168783031662
0 0.7944801853402328 0.7537200406178519 0.04182992491592863 0.0470819523842666
0 0.03526213168324969 0.9521446266369753 0.032090065601566325 0.0332325328007832
0 0.6026646810246523 0.8729530923827885 0.039702766897739994 0.03095439432298286
0 0.1510399239387758 0.9437752211339837 0.03719565208473985 0.03828601829148304
0 0.4001908467659354 0.08584728265761557 0.05114963230780517 0.05207948850385974
0 0.469317307007947 0.04211378148573392 0.03924358942041939 0.042830127796412806
0 0.3175058786164223 0.1960014296361239 0.03806855223932276 0.05248353335250616
2 0.859375 0.7015625000000001 0.03750000000000009 0.04062500000000002
0 0.994461444651413 0.8366183442788698 0.011077110697174541 0.05448668855773975
2 0.7515625 0.853125 0.046875 0.050000000000000044
0 0.20543244664989493 0.2739209861804389 0.0494122282453196 0.04335780929581606
