0 0.8053371710526315 0.020712171052631533 0.056781250000000005 0.04140953947368421
0 0.726452516930221 0.04023775932232895 0.05834897167762809 0.05662691275345794
0 0.6870411196093522 0.13208181940573696 0.054508629210412995 0.04659551383850051
0 0.7933654919378419 0.11312398850402569 0.06333689972757661 0.05711809915277795
0 0.7680819967882593 0.2111262416307847 0.06998888786347368 0.059689111628587144
0 0.9798855751367349 0.42346756239749905 0.040228849726529736 0.05787994027516258
0 0.9564894031922534 0.2667844483038331 0.06202387650640606 0.0638344988042879
0 0.825735720221429 0.43337324621763773 0.06491680992977977 0.05737713850428533
0 0.9011850426652965 0.08314366892699268 0.07737871638048244 0.07686435374536386
0 0.8878722911797394 0.3564258705507287 0.0635285069914705 0.049544582457697606
0 0.22363653502193637 0.5034161956161487 0.043541572664408695 0.043958427335591355
0 0.8535425808088282 0.2767124519559736 0.06804365509774402 0.052505626613453815
0 0.08181138099156757 0.3270882053461216 0.04371630462867026 0.03991472423111614
0 0.039521635815625865 0.12464225556377698 0.046418805456327386 0.04335182900217961
0 0.9729451763251864 0.5549757893988159 0.0519970887199005 0.054941261920422146
0 0.13531771304426995 0.205983173057552 0.041611960427046124 0.045039289720541276
0 0.918369818318208 0.65197315669081 0.07164897526144132 0.06347429992321063
0 0.9312002303319413 0.4579548516865388 0.05833585720903567 0.054949748247589136
2 0.98125 0.146875 0.03749999999999998 0.0625
2 0.55 0.0609375 0.0625 0.059375
0 0.25926279521814855 0.38855216189345554 0.04412008212923013 0.03731495893538489
2 0.871875 0.1828125 0.05625000000000002 0.053125000000000006
2 0.9828125 0.0234375 0.034375000000000044 0.046875
