0 0.18578947368421056 0.7240740131578949 0.058087171052631614 0.06328618421052623
0 0.28493585526315784 0.6876562500000001 0.039575657894736826 0.04452138157894736
0 0.08838363033126526 0.6831358065145859 0.05252803746779446 0.06198809703662733
0 0.2420460526315789 0.22177138157894738 0.056749999999999995 0.06522368421052638
0 0.16058621432985645 0.8955889677547118 0.04715512258008103 0.05253443813702019
0 0.1876899488629084 0.29882352759677866 0.04509520841563944 0.0532937360124181
0 0.31816801299763786 0.9128104603260933 0.051244284527279804 0.06285428042173158
0 0.2580039748658216 0.45539307094718307 0.04569066520035209 0.06312518405098594
0 0.21103329709419857 0.5884255031394614 0.044167540543623984 0.05548162108127386
0 0.4391045589735707 0.1891332383612585 0.04202496282791324 0.06129131565742957
0 0.3378229973860963 0.7442451201839311 0.042380068059481246 0.05635196090382577
0 0.3373428264633565 0.5638930290256448 0.045930427744500624 0.05708505743406411
0 0.14606752044685545 0.9835989959106288 0.04842700817874218 0.03280200817874179
0 0.531921004803942 0.5739871920336853 0.04244142987972077 0.050462691765994494
0 0.32534223658354733 0.4212205115175104 0.05003370620047226 0.0650317213920098
0 0.5390690767410987 0.672465279733157 0.03812902418531494 0.04699725922561093
0 0.3682478181657362 0.2249472683209593 0.05041217981957169 0.060927370728356106
0 0.07399827990109367 0.890176626264443 0.04440978202236332 0.05036005792540632
0 0.016528240543689017 0.3444994691241501 0.03197657518845162 0.049639674593939975
0 0.09912713599016336 0.7546141192791473 0.0540391686381235 0.059019743956617465
0 0.02683563207892524 0.06257499020081027 0.0471052495291112 0.054072175704390206
0 0.3650008310551862 0.11417733159084001 0.0446870672998218 0.05150483407638423
0 0.4687527705460948 0.509384573154058 0.03709060594946412 0.04647114704165356
0 0.06148792618131707 0.18073922546383356 0.0541008458384688 0.07122257805968152
0 0.4240412741404104 0.3952722595991273 0.04882691650759169 0.05939831313790289
0 0.4194782576545297 0.8107289394136323 0.04591227972145473 0.06396707776689614
0 0.12682500584431308 0.569737358660899 0.053203760899070474 0.05934027406400211
0 0.6139100483612799 0.21021596030277942 0.04539985044020711 0.05608334203227594
0 0.5146772163629045 0.04124790491899603 0.03541566449385403 0.04759450695649291
0 0.6147638732462155 0.78125 0.05033200184547826 0.049018182685700684
0 0.7407126226045306 0.057878623974472326 0.056649204612777004 0.08002445892529142
0 0.1880909652730283 0.05732709675015936 0.04446964232590206 0.052958649558416136
2 0.8484375 0.015625 0.05312499999999998 0.03125
0 0.51197464952362 0.8621884192557328 0.050463953583259225 0.05617269418669435
0 0.033651348705989854 0.9781064663836638 0.05142345479927748 0.04378706723267223
2 0.2625 0.0296875 0.04374999999999998 0.046875
2 0.284375 0.59375 0.03749999999999998 0.043749999999999956
2 0.5375000000000001 0.4453125 0.03749999999999998 0.046875
0 0.34921804686299496 0.025462530439566925 0.04768062811268997 0.04217320518629288
0 0.9398188894175041 0.301843262149022 0.03658640800650448 0.044351939951215724
2 0.021875 0.4625 0.04375 0.05624999999999997
2 0.1484375 0.49375 0.08437499999999999 0.07500000000000001
2 0.153125 0.203125 0.037500000000000006 0.04375000000000001
2 0.328125 0.3703125 0.05625000000000002 0.07187500000000002
2 0.1765625 0.8171875 0.046875 0.046875
2 0.4125 0.49375 0.03750000000000003 0.04375000000000001
2 0.1078125 0.015625 0.05312499999999999 0.03125
2 0.1375 0.1234375 0.05 0.05937500000000001
2 0.553125 0.0171875 0.050000000000000044 0.034375
2 0.5859375 0.9734375 0.04062499999999991 0.046875
2 0.20937499999999998 0.4078125 0.037500000000000006 0.046875
2 0.315625 0.06875 0.03749999999999998 0.04375
2 0.5234375 0.2296875 0.046875 0.05312499999999998
