0 0.05506414473684211 0.2481200657894737 0.05693092105263159 0.058710526315789435
0 0.26225493421052626 0.3887598684210527 0.04811842105263153 0.05197203947368423
0 0.18763980263157892 0.5083536184210526 0.052743421052631606 0.05675657894736841
2 0.1796875 0.628125 0.06562499999999999 0.07500000000000007
0 0.29969060923196367 0.11181398442648767 0.04653826626154073 0.06145908193444358
0 0.06863366722573779 0.8278487115779212 0.0676407891498981 0.06593222305981183
0 0.05388075840270412 0.9689710898303816 0.05827543251924703 0.05590594694122486
0 0.10627987578411258 0.42938749206726123 0.05489423866595143 0.05791539142398844
0 0.045698116668054595 0.5841961113439371 0.052600561331445694 0.06450821665139939
0 0.020292646656184764 0.1367088233280924 0.04058529331236953 0.06099706003144573
0 0.4875400114658913 0.5234187290270466 0.04446644690368262 0.04804098081906111
0 0.016253112070258577 0.6980656099693774 0.032506224140517154 0.056067172307150304
0 0.11090035626253013 0.1911597516649396 0.0445988611788746 0.05295959423819763
0 0.3296528746884567 0.23183671159268254 0.04448719518851002 0.0582860631334039
0 0.24195173542007203 0.039087681863102554 0.055495521192194364 0.061076204328337366
0 0.5519495141771237 0.43451247636245177 0.04602299107866781 0.055834682254343626
0 0.817670118578482 0.13077804955881178 0.05190353344612575 0.06172914761272602
0 0.4368658015957724 0.24370933573307418 0.059898143556008365 0.06682993689518701
0 0.04430204279272626 0.04826867593156961 0.05051634723956325 0.07222866740044198
0 0.20553819526972816 0.17774028811268622 0.0541673679798281 0.06552955288450879
0 0.7109968249342925 0.17329025552635216 0.049040057912574264 0.06719607515562326
0 0.5173016931289109 0.31591620841315504 0.04818157026185471 0.05474041801251467
0 0.10245485988216799 0.5410760480972543 0.042148201669572324 0.04718555273753189
0 0.45840525556162637 0.39630751488081706 0.044879275453236556 0.05071788394593457
0 0.02706411636788995 0.4767964408535188 0.045911752447389244 0.05174310028859769
2 0.1546875 0.31875 0.046875 0.05624999999999997
2 0.3515625 0.4890625 0.046875 0.05312499999999998
2 0.015625 0.36406249999999996 0.03125 0.05937500000000001
2 0.4140625 0.13125 0.059374999999999956 0.0625
2 0.825 0.6171875 0.04375000000000007 0.05312500000000009
2 0.7296875 0.30781250000000004 0.05312499999999998 0.05937500000000001
2 0.8859375 0.6937500000000001 0.046875 0.05625000000000002
2 0.265625 0.7265625 0.05000000000000002 0.059374999999999956
2 0.38125 0.7625 0.04999999999999999 0.05625000000000002
2 0.8359375 0.334375 0.046875 0.04999999999999999
2 0.3421875 0.575 0.05312500000000003 0.0625
2 0.9578125 0.9796875 0.046875 0.04062500000000002
2 0.3015625 0.2984375 0.046875 0.05312500000000003
2 0.2234375 0.2734375 0.046875 0.05312499999999998
2 0.859375 0.5 0.05624999999999991 0.0625
2 0.7625 0.0265625 0.04375000000000007 0.053125
2 0.55 0.9156249999999999 0.04999999999999993 0.05625000000000002
2 0.66875 0.6453125 0.04999999999999993 0.06562499999999993
2 0.65 0.7796875 0.050000000000000044 0.06562500000000004
2 0.984375 0.721875 0.03125 0.0625
2 0.09999999999999999 0.771875 0.056249999999999994 0.0625
2 0.4921875 0.7953125000000001 0.046875 0.05312499999999998
2 0.7328125000000001 0.903125 0.05312499999999998 0.0625
2 0.7734375 0.7015625000000001 0.05312500000000009 0.05312499999999998
2 0.1359375 0.10312500000000001 0.059375 0.06875
2 0.5890625 0.5734375 0.05312499999999998 0.05937500000000007
2 0.70625 0.5921875000000001 0.04999999999999993 0.05312499999999998
2 0.259375 0.46875 0.037500000000000006 0.043749999999999956
2 0.3375 0.9765625 0.04999999999999999 0.046875
2 0.421875 0.525 0.043749999999999956 0.05624999999999997
2 0.528125 0.1078125 0.04999999999999993 0.05312499999999999
2 0.0640625 0.678125 0.053125 0.0625
