0 0.38647155900631847 0.18966348216598933 0.07574635081475939 0.08001616167742984
0 0.21305430380400342 0.2688466611695935 0.06840341555004298 0.08479176894019402
0 0.0714934999110109 0.2079309913060975 0.06508705216041169 0.07063039146270558
0 0.5006496710526316 0.18449342105263156 0.06528289473684196 0.07068914473684215
0 0.7874473684210526 0.937625 0.05213651315789469 0.06738651315789457
0 0.7582401315789474 0.6236003289473685 0.05763157894736848 0.06531743421052627
0 0.3931544183323049 0.45368243873050995 0.0678137471038176 0.07196469800123406
0 0.2624851973684211 0.4662911184210526 0.07172532894736838 0.07365296052631576
0 0.14314236972391375 0.36722396222751397 0.06347234835000147 0.06613658353745128
0 0.9700970394736843 0.31384868421052636 0.05853289473684209 0.06521546052631577
0 0.6506995297766907 0.15789666188886106 0.06193564521321737 0.06734615530534593
0 0.5216529605263158 0.5082582236842106 0.06906414473684219 0.07457236842105269
0 0.8544696436678145 0.46339171320521855 0.05694892998881351 0.06768582576379095
0 0.6102713815789473 0.6662927631578948 0.06304605263157892 0.06441282894736844
0 0.9772203947368421 0.4757401315789474 0.04555921052631573 0.061348684210526305
0 0.20242269736842106 0.5844638157894737 0.06436677631578949 0.062026315789473596
0 0.8588930921052633 0.7336200657894738 0.05157401315789478 0.06269572368421039
0 0.10856523525558848 0.6240745252388278 0.06324754977514309 0.06030794899162206
0 0.6134851973684211 0.8796875000000002 0.060236842105263255 0.06391118421052633
0 0.24897861842105265 0.7176611842105263 0.06603782894736837 0.06903289473684204
0 0.35145394736842106 0.8857319078947369 0.06373519736842109 0.06940624999999989
0 0.47840625 0.7047845394736842 0.05714144736842097 0.07011513157894722
0 0.49146710526315796 0.896606907894737 0.07257236842105269 0.08233059210526306
0 0.5603157894736842 0.7790888157894738 0.04942434210526314 0.05746710526315779
0 0.6943932587549195 0.2801471206225402 0.05372931746710108 0.05691006342931343
0 0.6715269964035585 0.4191363630019168 0.05964138412792219 0.06218438929626241
0 0.3648363615623404 0.6054883941580569 0.06630523193313886 0.07157877181306016
0 0.9725837664172887 0.6204091447769482 0.05483246716542245 0.07528993433084474
0 0.1303573991903785 0.8816932831642946 0.059568997805189136 0.0680637916991742
0 0.455700859976505 0.7960034809401201 0.04565264148066489 0.0484247546651968
0 0.037533233873166406 0.364228070723322 0.05458369856426144 0.05642411501772121
0 0.5151959641184883 0.053869813286017344 0.05325829699344381 0.05789782329045194
0 0.5721243528031104 0.9799681657503002 0.061314711104420216 0.040063668499399574
0 0.7546986590676226 0.4678811043407155 0.063931666335591 0.06256362113822472
0 0.11603831664052432 0.4911530031651645 0.0807494863209646 0.08083909382652488
0 0.7139118958177264 0.8037395338765123 0.05460937913374819 0.06960773523452723
0 0.3731186263791676 0.7597480879137504 0.0660451126253106 0.06285832002869374
0 0.5958804561765296 0.27009486372253366 0.05349845563488975 0.06124118355389213
0 0.2884078444150788 0.19949429664693108 0.054938442731611636 0.059724268992824875
0 0.26260940828694845 0.9067657819241854 0.052217523138185784 0.05712336418424757
0 0.947315673350752 0.8342630734377947 0.06713361821704533 0.07595112922400038
0 0.7044387962377601 0.6833927391020612 0.051088657637370916 0.05600922096820882
0 0.1360811344400007 0.02266315238532264 0.06314175699119287 0.04531065216110394
0 0.4618718858131109 0.31770776104629295 0.07317148559020986 0.08104742535757559
0 0.3452402059994442 0.3277522725946552 0.06250967439031074 0.07431716479955536
0 0.9706740784507863 0.9510129559419178 0.04814770095965504 0.05672238625906789
0 0.8708859237621215 0.5975422966585225 0.06424257264905209 0.05808644554545306
0 0.7830921689981685 0.3166152075150374 0.058827060623032446 0.06545723889105881
0 0.754228251787812 0.0624794076436186 0.05287166153597489 0.05109940666494166
0 0.5573267846340635 0.3924212259514141 0.05288670818280894 0.0580087935814374
0 0.2204399616543845 0.9477222197010338 0.05597962605427495 0.054874117388191146
0 0.16557958386198662 0.733879397854452 0.050199794886922194 0.04602303574514144
0 0.35341927636530557 0.5035993028315132 0.055043564907931886 0.05526916565834328
0 0.3634680713943559 0.07707501776204305 0.053662384773149385 0.05402895685987275
0 0.22774356734569218 0.11552951685584065 0.07090834308823626 0.08152683044635578
0 0.9266219105393578 0.7153418182070557 0.0447560240962348 0.051255559621086855
2 0.028125 0.6578125 0.05625 0.06562500000000004
0 0.636974296967147 0.7725804338944545 0.05613917246023348 0.0707127663945275
0 0.1748466119140174 0.8489573506857703 0.049258502988743624 0.055188347185263664
0 0.04962116660338755 0.5194106016079723 0.05506290703572854 0.04889504742353823
2 0.0765625 0.9265625 0.059375 0.06562499999999993
2 0.83125 0.0125 0.05625000000000002 0.025
2 0.29218750000000004 0.6359375 0.05937500000000001 0.06562499999999993
2 0.0140625 0.5765625000000001 0.028125 0.05312499999999998
2 0.840625 0.8640625 0.04999999999999993 0.05937500000000007
2 0.0140625 0.4296875 0.028125 0.06562500000000004
2 0.048437499999999994 0.76875 0.053125 0.04999999999999993
2 0.7296875 0.9859375 0.046875 0.028124999999999956
2 0.0171875 0.2546875 0.034375 0.053125000000000006
2 0.0734375 0.065625 0.06562499999999999 0.0625
2 0.984375 0.1625 0.03125 0.04999999999999999
2 0.871875 0.14375 0.05625000000000002 0.062499999999999986
