0 0.7861447368421053 0.07172697368421048 0.04995723684210518 0.0633733552631579
0 0.688140652557207 0.2902135202508338 0.05642897925455537 0.05962478061502147
0 0.9816507862235664 0.35040556797583305 0.036698427552866786 0.05292547514198731
0 0.758295606837182 0.8553408642469933 0.047775200764037296 0.054725494130836716
0 0.6737141345833878 0.0937975071563439 0.060633270757074254 0.06436978682644426
0 0.5480590881430858 0.11388017504577437 0.06035257337076427 0.06764201129347944
0 0.8530273653246232 0.8463675388591178 0.05860189290100892 0.06423128180741
0 0.6336965034051005 0.5341246862947973 0.053858685871749024 0.06573115534854879
0 0.9384581417886735 0.5785596517855335 0.053838040140209764 0.05971360622664146
0 0.7490995563146478 0.42393476891746673 0.05101823672018102 0.06101871996878366
0 0.9686252009884994 0.8832986085258069 0.049994449548530495 0.05659769625512534
0 0.7559165178676385 0.6202928975042346 0.05274709797524113 0.06217055409280747
0 0.9109375 0.02734392698126912 0.05000212377522939 0.05468785396253824
0 0.891093760134363 0.6529967947452616 0.05135616780674557 0.060844009878634475
0 0.932077084507049 0.4386554610340372 0.050494286326620896 0.05586339166613924
0 0.8568478675410791 0.37437012731486635 0.04902788509292455 0.0546507888592932
0 0.8992102439709437 0.3218065778342455 0.049705868781141915 0.06133306405937716
0 0.7918209985741833 0.19535946737580628 0.06030818912903746 0.06755400142581666
0 0.8571652197155986 0.4833569072873136 0.05392655073378361 0.06025026167277292
0 0.5186715411454523 0.22369524542550795 0.0548644489819608 0.05907919394171787
0 0.8217120639725074 0.5399902581128286 0.0511325294468683 0.05442421009954401
0 0.454127482620559 0.12875855012950171 0.05655746232087444 0.06660117299973045
0 0.8027125320158364 0.29833278706232785 0.04766639733328337 0.052684233780325496
0 0.8404649734851395 0.7370139387729281 0.06652633260804386 0.07253330199450758
0 0.9861665761295706 0.6975996613373909 0.027666847740858813 0.05607615322243953
0 0.7186830905353953 0.2125418917734393 0.05234288220913763 0.05916055494558348
0 0.9154090836070656 0.16554351423431862 0.06226381659625124 0.07778689673078601
2 0.7453125 0.7484375 0.05312499999999998 0.06562500000000004
0 0.9901007911097579 0.13657257382655913 0.01979841778048408 0.05903227852032264
2 0.6453125 0.6859375 0.04062500000000002 0.046875
2 0.6187499999999999 0.1875 0.05625000000000002 0.0625
2 0.671875 0.4234375 0.06875000000000009 0.078125
2 0.365625 0.11249999999999999 0.05624999999999997 0.062499999999999986
2 0.3734375 0.028125 0.05937500000000001 0.05625
2 0.809375 0.621875 0.04375000000000007 0.04999999999999993
2 0.8515625 0.9828125 0.05312500000000009 0.034375000000000044
2 0.05 0.771875 0.05625 0.0625
