0 0.1282491033217143 0.23169229303094238 0.06350419174771174 0.06501413298589603
0 0.09705921052631579 0.6515476973684211 0.058949013157894664 0.06391118421052644
0 0.17620097816855246 0.07279662554485664 0.05916099721762624 0.05870422865161061
0 0.3570759017772389 0.4980369336685022 0.05386485585692613 0.056032748988434466
0 0.15283634647805075 0.8086811268936867 0.04791372582015169 0.055987214229802906
0 0.23619407894736838 0.7996875 0.05143585526315783 0.053037828947368304
2 0.5453125 0.25 0.059374999999999956 0.0625
0 0.7175871710526316 0.25216940789473685 0.051348684210526185 0.05280263157894732
2 0.94375 0.5640624999999999 0.043749999999999956 0.05312499999999998
0 0.6355970394736842 0.5974983552631579 0.04971710526315798 0.056486842105263224
0 0.7459786184210527 0.7647894736842105 0.04218256578947366 0.05179605263157894
2 0.43125 0.41875 0.05624999999999997 0.05625000000000002
2 0.65625 0.1296875 0.043749999999999956 0.053125000000000006
0 0.24928647741388088 0.9129170507246327 0.04544690739694482 0.051815915113866184
0 0.5815524585792144 0.7752384319011627 0.045887049704942506 0.05300136534665745
0 0.06212929401007438 0.049330227874824745 0.05565759018929502 0.051923482615740424
0 0.12302018755184208 0.48947981244815797 0.06272903751036842 0.06770133800292649
0 0.36127627416565733 0.9010424165204045 0.04857741871757654 0.05271199253090941
0 0.5170497197369941 0.8546741717870875 0.04324678640751084 0.05153683392677455
0 0.5467984545431814 0.9718300454068111 0.05189832732909927 0.05480900005000744
0 0.20474162684353464 0.6073726835796955 0.06189737054272354 0.06818275338474511
0 0.08483510626249012 0.8518425531748064 0.05539654241787353 0.06630957442730456
0 0.28560164916584363 0.2393228063447259 0.06154412608291304 0.05996001849934826
0 0.4152664557896065 0.8383885660866272 0.05391166819308646 0.062452093000046505
0 0.5792781930635209 0.8617215391756197 0.04275071402895858 0.05014052458967766
0 0.28856167096007246 0.6814156371456881 0.04962229205385599 0.05922610657831595
0 0.07840826914360698 0.9607238773092939 0.05696051452501927 0.061095035368289974
0 0.8349550840775056 0.28943349719093436 0.060050397298191394 0.06517549157280289
0 0.22033991669215486 0.36916593535502185 0.05483717588729403 0.0652217852960878
2 0.309375 0.1015625 0.05625000000000002 0.05937500000000001
2 0.5921875 0.1265625 0.059374999999999956 0.059375
2 0.6640625 0.721875 0.046875 0.05625000000000002
0 0.05272218769523028 0.783211983526352 0.052671191453188826 0.05174801839358656
0 0.05353792748934224 0.29753371678290513 0.0458704396532197 0.04545603817859112
2 0.475 0.4984375 0.04999999999999999 0.05312500000000003
2 0.49375 0.6171875 0.050000000000000044 0.05312500000000009
2 0.196875 0.0140625 0.04999999999999999 0.028125
2 0.9703124999999999 0.45781249999999996 0.05312499999999998 0.06562499999999999
2 0.0140625 0.4890625 0.028125 0.05937500000000007
2 0.9640625 0.103125 0.046875 0.05625000000000001
2 0.3296875 0.796875 0.05937500000000001 0.0625
2 0.58125 0.51875 0.04999999999999993 0.06250000000000006
2 0.46562499999999996 0.7250000000000001 0.04999999999999999 0.05625000000000002
2 0.5218750000000001 0.03125 0.05625000000000002 0.056249999999999994
2 0.6968749999999999 0.0265625 0.05625000000000002 0.053125
2 0.7796875 0.38749999999999996 0.046875 0.04999999999999999
2 0.7437499999999999 0.13125 0.06874999999999998 0.0625
2 0.678125 0.821875 0.043749999999999956 0.050000000000000044
2 0.3328125 0.975 0.04062500000000002 0.043749999999999956
2 0.5828125 0.021875 0.046875 0.04375
2 0.73125 0.5921875000000001 0.04375000000000007 0.05312499999999998
2 0.37031250000000004 0.6703125 0.05937500000000001 0.06562500000000004
2 0.3921875 0.1 0.05312500000000003 0.0625
2 0.3125 0.18125000000000002 0.05625000000000002 0.056249999999999994
2 0.425 0.3 0.05625000000000002 0.05625000000000002
2 0.9015625 0.203125 0.05312499999999998 0.05625000000000002
2 0.4328125 0.20625 0.078125 0.0625
2 0.60625 0.3484375 0.04999999999999993 0.05312499999999998
2 0.8531249999999999 0.0796875 0.05625000000000002 0.065625
2 0.6312500000000001 0.9109375 0.03749999999999998 0.046875
2 0.3546875 0.29218750000000004 0.05312499999999998 0.05937500000000001
2 0.734375 0.9234374999999999 0.0625 0.05312499999999998
2 0.8734375 0.53125 0.046875 0.050000000000000044
2 0.8765625 0.6390625000000001 0.046875 0.05312499999999998
2 0.784375 0.865625 0.04375000000000007 0.050000000000000044
2 0.85 0.4078125 0.043749999999999956 0.05312500000000003
