0 0.55453125 0.9488388157894736 0.049629934210526416 0.054682565789473614
0 0.8211118421052631 0.6641151315789474 0.04788486842105266 0.05363322368421053
0 0.9541062233067861 0.8873950076344481 0.050734917513469924 0.06669052617928906
0 0.7344475796961552 0.8725411060072314 0.04599127543842274 0.06187797584467758
0 0.8899144736842105 0.7695953947368421 0.050358552631578846 0.056490131578947445
0 0.6436436736938203 0.6084571017553426 0.05191906228240695 0.06523914495604088
0 0.9753614239070831 0.33485638900925274 0.042890521323248776 0.06338463330383975
0 0.6781919241062109 0.7630314543408157 0.05035987921685792 0.05558365718990399
0 0.5730149618960803 0.7547513456384076 0.048954243865087066 0.06640927824004894
0 0.9761091549396793 0.18600318130796123 0.04141864957900765 0.06986022437533088
0 0.9252873862706894 0.04389647902020833 0.05273450191968865 0.05133492058896551
0 0.8531057357726894 0.9247646827645128 0.04940580178781839 0.0546989956087508
0 0.6873883888013528 0.4893461812897586 0.05165990896278183 0.06010024811046627
0 0.8647512694795148 0.1321859961446406 0.05001171879223265 0.05870564454033002
0 0.7209130738475042 0.2934926566451777 0.04966635013337217 0.05366099313332906
0 0.9547391342905351 0.4697322876327408 0.05652272452077456 0.06501500474950667
0 0.8001288562952256 0.5139760891363955 0.06432912376111755 0.08086559360962925
0 0.73023285025084 0.6544409239594269 0.05268457199404564 0.06897021400297698
0 0.8766813307758257 0.5494850658710437 0.04553752105688125 0.07326051696528502
0 0.6659803713206818 0.8828757934796804 0.046328631750671145 0.06080812181662387
0 0.8322270491085595 0.35558696489070807 0.05067089396649971 0.06127034235811418
0 0.9163693584139077 0.35457746640875665 0.04325237789815983 0.04940192559639439
0 0.7699875502861918 0.9883097095814154 0.05976093584296471 0.023380580837169207
2 0.7546875 0.025 0.046875 0.05
2 0.609375 0.8421875000000001 0.050000000000000044 0.05312499999999998
2 0.9859375 0.5765625 0.028124999999999956 0.06562500000000004
2 0.6203125 0.971875 0.04062500000000002 0.04999999999999993
2 0.909375 0.96875 0.04375000000000007 0.05624999999999991
2 0.6078125 0.2890625 0.046875 0.05312499999999998
2 0.46875 0.9046875 0.050000000000000044 0.059374999999999956
2 0.4640625 0.021875 0.046875 0.04375
2 0.2234375 0.49375 0.053125000000000006 0.0625
2 0.9859375 0.796875 0.028124999999999956 0.0625
2 0.7828124999999999 0.796875 0.05312499999999998 0.0625
2 0.0515625 0.903125 0.053125 0.05625000000000002
2 0.171875 0.8484375 0.04999999999999999 0.05937500000000007
2 0.76875 0.3546875 0.04375000000000007 0.05312499999999998
