0 0.7643187118221213 0.028085808613644618 0.0658457485392111 0.056171617227289236
0 0.6735332419000088 0.07334133797865633 0.05377713090226088 0.06563271184005634
0 0.7312299998724467 0.6451080816388497 0.05079123264021912 0.06768787309202662
0 0.8397890479479212 0.4443483139763788 0.055295826156318784 0.06914591863749553
0 0.6797714999972353 0.7613429221846705 0.05109312986589731 0.06605959058229183
0 0.8338874623450473 0.7427946181408389 0.0436556673415085 0.06376886653169833
0 0.8186677899054385 0.19682928680414483 0.057999210981871885 0.06291116488498416
0 0.5485762169984834 0.23954124424878595 0.05808294298077987 0.07247315444411445
0 0.47318476967856327 0.8781044031113436 0.04865948866938857 0.06295720169951391
0 0.8317026942018468 0.3319986809041981 0.060101118689044775 0.07353910689012799
0 0.5473669390735748 0.8985754953982124 0.0491030332214939 0.05571157955685746
0 0.5794209915281178 0.09474561823882571 0.05056289948490811 0.05847632563128606
0 0.9537525151874601 0.24555142400338167 0.051059934833180165 0.05980603547001523
0 0.47810157990287866 0.3359735036270296 0.0580047153759794 0.06480722321886884
0 0.6250322661426545 0.17925610116798263 0.05627195878200353 0.06916715807261883
0 0.8792722219428055 0.6325738026482696 0.04569367843551875 0.058386110971403005
0 0.666271736871265 0.42704035470599644 0.059648715600620794 0.07127406970873168
0 0.7268159092612095 0.29913680756456673 0.05475856309447957 0.06513749620573278
0 0.7450673606267235 0.16523953875128233 0.050625282844602326 0.06443329722957497
0 0.899165574844533 0.20077945135919822 0.04191754012437365 0.06182067802190416
2 0.38749999999999996 0.825 0.04999999999999999 0.05625000000000002
2 0.76875 0.834375 0.05625000000000002 0.07499999999999996
2 0.9875 0.38125 0.025000000000000022 0.05624999999999997
2 0.153125 0.875 0.06250000000000001 0.0625
