0 0.33336019736842104 0.11675986842105264 0.04709703947368421 0.0661990131578947
0 0.24760526315789477 0.19046052631578947 0.04780756578947368 0.06245559210526311
0 0.8201142773711951 0.7540401518058132 0.04577385112868637 0.05604663000263099
0 0.09449177631578948 0.5803305921052633 0.05002631578947364 0.061016447368421045
0 0.22516940789473686 0.45213980263157894 0.050605263157894764 0.060011513157894714
0 0.5928287942280683 0.8871041438080698 0.04482128238935257 0.05935660557635314
0 0.30961019736842105 0.43046710526315796 0.05306414473684207 0.05711184210526321
0 0.13706907894736844 0.16559374999999998 0.05038486842105261 0.05247532894736842
0 0.864661744204491 0.8048407391584017 0.040086193712280394 0.05262182476001542
0 0.7661513157894737 0.8720082236842106 0.04269736842105265 0.05114309210526302
0 0.07525000000000001 0.6759868421052633 0.04306907894736836 0.05681414473684199
0 0.6999934210526315 0.9564144736842106 0.04733388157894736 0.0497960526315786
0 0.7789473684210526 0.9804276315789474 0.03914473684210529 0.03914473684210518
0 0.10627680911663775 0.25559213962806127 0.05135339945768802 0.0555971327309292
0 0.8487565789473686 0.9418388157894737 0.041037828947368404 0.0478536184210524
0 0.9200756578947369 0.8575740131578946 0.0440296052631578 0.04949835526315771
0 0.9625695900525055 0.9574094797652706 0.0432760689058691 0.06401914556479416
0 0.9423503289473685 0.6509473684210527 0.04670888157894737 0.05786348684210518
0 0.6850345394736842 0.7370690789473685 0.04404440789473685 0.057863486842105294
2 0.1296875 0.478125 0.046875000000000014 0.05624999999999997
0 0.582052072684262 0.3187561105227185 0.0455917965342314 0.06891075302400407
0 0.6905920646089729 0.13600337078205424 0.04706612726179704 0.054630992501429734
0 0.9507306546136522 0.7515358457453648 0.040250484442638124 0.05050880037888783
0 0.14610768172059158 0.34892424719392856 0.044419277391651774 0.05491988027761169
0 0.23766793669111486 0.08136927842638768 0.049796953020749185 0.053237443859581485
0 0.07248819180428114 0.05055158383770507 0.052006510551320224 0.05414963356807587
0 0.17976525586612307 0.859375 0.046004134299421434 0.06108484323656005
0 0.8287426605122498 0.39189729783733934 0.04846840713539602 0.05198034335227686
0 0.27837500646019975 0.7608620515162289 0.05354409363842039 0.053559322410859256
0 0.23181729139474694 0.5498581771513134 0.04874531589263245 0.05509965911620751
0 0.4963760889784583 0.8557429685945697 0.041410273083967886 0.05723289187010017
0 0.2830991518235521 0.5633795961900803 0.0472839015512686 0.05139364074573127
0 0.22898573535544817 0.312923718469872 0.047703198740301656 0.049367020950577434
0 0.1127239377845767 0.9758372344461442 0.04709893778457669 0.04832553110771154
2 0.12187500000000001 0.7515625 0.05 0.06562500000000004
0 0.2915867620645701 0.36206273254715293 0.04480168155536529 0.04669336613046354
0 0.0435015618975715 0.4327337259069436 0.04073350753449643 0.048845175880536884
0 0.29108458639803125 0.6220672148447397 0.04367908031086504 0.04492464627340964
2 0.0109375 0.5640624999999999 0.021875 0.05312499999999998
2 0.5609375000000001 0.8171875 0.04062500000000002 0.05312499999999998
2 0.3984375 0.0140625 0.05312499999999998 0.028125
2 0.8015625 0.271875 0.046875 0.056249999999999994
2 0.4390625 0.565625 0.046875 0.0625
2 0.578125 0.6015625 0.050000000000000044 0.059374999999999956
2 0.91875 0.5203125 0.04375000000000007 0.05312499999999998
2 0.9609375 0.40625 0.04062499999999991 0.050000000000000044
2 0.8125 0.1109375 0.043749999999999956 0.046875
2 0.428125 0.8265625 0.04375000000000001 0.059374999999999956
2 0.296875 0.2578125 0.043749999999999956 0.05312499999999998
2 0.53125 0.29374999999999996 0.03750000000000009 0.04999999999999999
0 0.7641200896740015 0.0711345438208781 0.06323634457691085 0.05980419510839497
2 0.734375 0.3140625 0.043749999999999956 0.05937500000000001
2 0.5375000000000001 0.7203125 0.03749999999999998 0.046875
2 0.49375 0.4203125 0.050000000000000044 0.05937500000000001
2 0.9890625 0.903125 0.021874999999999978 0.04375000000000007
2 0.38125 0.3734375 0.04375000000000001 0.05937500000000001
2 0.45625000000000004 0.11562499999999999 0.04999999999999999 0.056249999999999994
2 0.6484375 0.8515625 0.04062499999999991 0.05312500000000009
2 0.7921875 0.5109375 0.046875 0.05937500000000001
2 0.978125 0.1765625 0.043749999999999956 0.05937499999999998
2 0.19375 0.60625 0.04375000000000001 0.04999999999999993
2 0.4 0.7437499999999999 0.04375000000000001 0.05625000000000002
2 0.4359375 0.41875 0.04062499999999997 0.0625
2 0.060937500000000006 0.353125 0.04687500000000001 0.0625
2 0.5078125 0.23125 0.046875 0.0625
2 0.6875 0.259375 0.03750000000000009 0.04999999999999999
2 0.365625 0.2828125 0.03750000000000003 0.046875
