0 0.12983552631578948 0.5770049342105263 0.049983552631578915 0.05621874999999976
0 0.04734150095131397 0.7784267229007538 0.03977571367221911 0.058615620096836185
0 0.16395775448155098 0.7461509889855398 0.045330960105848 0.05347315464251812
0 0.27675927971214903 0.650161314516849 0.05143036722063865 0.060097816370211166
0 0.3671875 0.5889720394736843 0.04531743421052631 0.050830592105263195
0 0.7569259619804252 0.7287441952201454 0.04299405384920363 0.049011357077021755
0 0.5978898026315791 0.29703124999999997 0.04050986842105264 0.055467105263157845
0 0.10267168952514139 0.8235569523326005 0.04229703487169853 0.053486103645530414
0 0.05785679929333204 0.8820889104640839 0.0393194564013244 0.05299880170990334
0 0.31164967105263164 0.7551611842105264 0.0493585526315789 0.05158223684210517
0 0.3769703526534097 0.6922075690374525 0.04442324963686911 0.05304982517963486
0 0.5598338815789474 0.6361447368421053 0.04155921052631584 0.04949835526315782
0 0.6023344799786392 0.8785652275876656 0.037597362304015225 0.049953499049480876
0 0.7733844182130912 0.451545449208411 0.04122714964562646 0.05267055410431554
0 0.7303309391680674 0.5884405063246004 0.04321034343745134 0.0545583736331674
0 0.5806200657894738 0.7425279605263159 0.04126151315789495 0.04486184210526312
0 0.48769243421052627 0.8503996710526316 0.036937499999999956 0.04918585526315811
0 0.3755430246420271 0.8391871623060924 0.048106111375722294 0.047097467511959534
0 0.10225822368421053 0.9213503289473683 0.04265296052631577 0.050830592105263306
0 0.8610328947368422 0.7282500000000001 0.04287664473684183 0.05217763157894739
0 0.1708832236842105 0.8572055921052633 0.036967105263157884 0.047541118421052464
0 0.781717105263158 0.668060855263158 0.03853782894736846 0.04216776315789472
0 0.5133961875873467 0.9720556762628673 0.04739830114417537 0.05206495413514478
0 0.2526661184210526 0.8925674342105263 0.03695230263157895 0.04052302631578941
0 0.8290782348977842 0.8355839403418015 0.04200403222102511 0.04641133352514204
0 0.6589990681533862 0.789155056991306 0.04019559056465172 0.0415814639727049
0 0.928711699964198 0.7776964205427129 0.04086934960484623 0.04433264008942084
0 0.7644346119999259 0.34766798958519446 0.04651614128458137 0.0489943945548148
0 0.36225843943262537 0.9481780491101242 0.033473399575492335 0.03658074389440724
0 0.47058499409015553 0.5534245429493965 0.04725346401410496 0.05951124704507771
0 0.42830664868589285 0.6494693449380141 0.037150110429334804 0.037907053553436265
0 0.9742885695977846 0.488223327368443 0.04008639526349911 0.051357764290814956
0 0.18590359360853193 0.978091093608532 0.03749999999999998 0.04381781278293606
0 0.9356316800916749 0.8660378568762389 0.03943631948278137 0.03861624266538666
0 0.5720060283177114 0.9539352266817075 0.03905412154994825 0.04445033588300995
0 0.7020014918330048 0.8491778733378857 0.03700826096022558 0.04104880764026064
0 0.680424682292722 0.4553328752042586 0.046903510340828625 0.05853868162218534
0 0.9764393474983909 0.6287743655655369 0.035441578308752275 0.040207124919822146
0 0.20199631043893812 0.912552708015169 0.033956682791023846 0.04460212764791416
0 0.24063229061391528 0.9583098594024287 0.03959727372550059 0.044432907924844
0 0.8521765452737815 0.5052478496581149 0.03997627761883893 0.049138777049942295
0 0.8775339977017593 0.42194891481182073 0.03698971827728814 0.04331806486613998
0 0.8871913196412174 0.8504967533049652 0.03813645892365258 0.04020183587108905
0 0.6468666080054988 0.6897061204871258 0.03701444604783111 0.04616858727022788
0 0.05013723165518381 0.6325191761992346 0.04310864930356488 0.051820044289058176
0 0.8437667295576374 0.6125033755984017 0.043863926462683445 0.0475457967145293
0 0.4274172661210779 0.9144952778644762 0.043683206316373735 0.043120150986241335
0 0.7688861265077115 0.5224206041919937 0.0395967037088909 0.04151064592098541
0 0.6491872281450503 0.6001439586770896 0.04365171671034096 0.046782999084919896
0 0.7949573578855299 0.9121607441734974 0.03522157199187492 0.04144439814553724
0 0.4359375 0.9906934762789202 0.04062499999999997 0.01861304744215997
0 0.8946646720207194 0.1317213123261596 0.04436754597767678 0.052234139487367826
0 0.5249544256763738 0.9151372418907469 0.039745968240911034 0.03867389425624712
0 0.8390625 0.9915120460249855 0.04360893863335258 0.01697590795002879
0 0.5064294219221054 0.4559339124930621 0.039706642021683614 0.05481238775391972
0 0.9378562078314379 0.691901111732061 0.03833115160668843 0.0387382462711886
0 0.7247362162471046 0.9735027746493197 0.041458738235017334 0.04122893438459019
2 0.31718749999999996 0.925 0.03437499999999999 0.04375000000000007
2 0.3078125 0.8359375 0.04062500000000002 0.046875
0 0.29919501401795956 0.989752962082817 0.03633340587394457 0.02049407583436591
2 0.51875 0.7140625 0.04375000000000001 0.05937500000000007
2 0.9859375 0.9312499999999999 0.028124999999999956 0.03749999999999998
0 0.19720692230427878 0.8302854955920207 0.039327903541431786 0.05115654150769666
2 0.7609375 0.1671875 0.05312499999999998 0.053125000000000006
2 0.8843749999999999 0.9203125000000001 0.03749999999999998 0.04062500000000002
2 0.965625 0.22968750000000002 0.05625000000000002 0.05937500000000001
2 0.9296875 0.98125 0.05312500000000009 0.03749999999999998
2 0.7015625 0.66875 0.034375000000000044 0.04375000000000007
2 0.009375 0.8968750000000001 0.01875 0.05625000000000002
2 0.6203125 0.4296875 0.04062500000000002 0.059374999999999956
2 0.546875 0.2234375 0.043749999999999956 0.053125000000000006
