0 0.6285180921052631 0.22539967105263153 0.04734868421052629 0.05516940789473687
0 0.5139358552631579 0.4116694078947368 0.04767269736842106 0.06159703947368417
0 0.4701842105263158 0.8490526315789474 0.050355263157894625 0.0584588815789473
0 0.9087993421052634 0.02360197368421053 0.04226973684210533 0.04391447368421054
0 0.8501955540860429 0.047297086274885214 0.04493893617719269 0.050596536898713323
0 0.7578569078947369 0.12200822368421049 0.04404440789473685 0.050532894736842096
0 0.6908618421052631 0.15722861842105262 0.047036184210526244 0.04979605263157896
0 0.6082914438222562 0.06832826005759512 0.04649882117426196 0.05395170384802715
0 0.5957796052631579 0.47188322368421054 0.04227302631578933 0.05740953947368427
0 0.7836144559592642 0.24908973307190685 0.04866028259665489 0.0580956716592024
2 0.821875 0.6312500000000001 0.043749999999999956 0.06874999999999998
0 0.9303832236842106 0.15408059210526315 0.04999835526315777 0.052177631578947364
0 0.9590928064814471 0.2868299134974336 0.04503957951602988 0.05759330898661508
0 0.880386091591465 0.26013885816029236 0.04589289043619782 0.04966569783622457
0 0.6179128289473685 0.3104868421052631 0.04734868421052629 0.052475328947368505
0 0.6593289473684212 0.45559210526315785 0.044356907894736786 0.05352467105263159
2 0.653125 0.746875 0.04375000000000007 0.05625000000000002
0 0.6661200657894737 0.5551694078947368 0.04600164473684221 0.056516447368420986
0 0.7475345394736843 0.3244671052631579 0.03865624999999995 0.05114309210526308
0 0.9347220394736843 0.5230263157894737 0.04999835526315799 0.05412006578947354
0 0.8878470394736844 0.608481907894737 0.045972039473684334 0.04680427631578932
0 0.761514802631579 0.5616776315789476 0.04269736842105265 0.04680427631578954
0 0.51534375 0.6549029605263159 0.05303453947368414 0.0625
0 0.5895511965168281 0.626068383283575 0.04803107990093636 0.05206341589904018
0 0.7390838815789473 0.6432483552631578 0.04299506578947365 0.0538223684210527
0 0.8811664723298172 0.7706734467061244 0.04521312321419402 0.053931075358280234
0 0.7078338815789474 0.774075657894737 0.04628453947368416 0.048151315789473736
0 0.8128700657894737 0.7551611842105265 0.05031085526315793 0.058161184210526296
0 0.8494103989806595 0.4864310445802644 0.04343879891297964 0.051034298675064704
0 0.8394172094299706 0.21277232508582372 0.04457536594193279 0.050544650171647526
0 0.8055237656694567 0.8758060059056842 0.04482558039487994 0.05264220256058949
0 0.5391084870247164 0.7834409893377904 0.04459097777242027 0.055328141824959376
0 0.9882665459156488 0.3790385867591616 0.02346690816870256 0.05170954084351281
0 0.8102142664182785 0.32742333935161383 0.037977365146193764 0.04482129393010492
0 0.8501087333910862 0.38779793183176037 0.050009936658244825 0.05228899789614766
0 0.7221789801997721 0.457008425806796 0.04421716382352869 0.04572360084558008
0 0.5434864557894692 0.977744364222713 0.039147611320555664 0.03913996265580166
0 0.19393600784425868 0.09832328317764658 0.04743520029594117 0.05958695846110561
0 0.37088043275210614 0.09754458505190658 0.053310761917228944 0.07290358622671189
0 0.04851495889721223 0.1130988401483908 0.042826422310760774 0.05707464656423511
2 0.4 0.4546875 0.04999999999999999 0.05937500000000001
2 0.76875 0.0125 0.06874999999999998 0.025
2 0.5578125 0.25 0.046875 0.0625
2 0.8375 0.109375 0.043749999999999956 0.04999999999999999
2 0.12656250000000002 0.121875 0.053125000000000006 0.056249999999999994
2 0.2765625 0.3984375 0.046875 0.059374999999999956
2 0.9765625 0.47968750000000004 0.034375000000000044 0.046875000000000056
2 0.028125 0.0125 0.049999999999999996 0.025
2 0.0734375 0.4359375 0.053125000000000006 0.06562499999999999
2 0.8859375 0.9421875 0.05312499999999998 0.06562499999999993
2 0.903125 0.46875 0.03749999999999998 0.043749999999999956
2 0.6765625 0.8703125 0.05312499999999998 0.06562499999999993
0 0.8275697329666399 0.5926749815915402 0.03980760406314432 0.05021633982426066
2 0.6671875 0.0546875 0.04062500000000002 0.046875
2 0.96875 0.746875 0.050000000000000044 0.0625
2 0.74375 0.9875 0.050000000000000044 0.025000000000000022
2 0.30625 0.5171875 0.04999999999999999 0.06562500000000004
2 0.446875 0.3578125 0.04375000000000001 0.05312500000000003
2 0.95 0.64375 0.04375000000000007 0.04999999999999993
2 0.028125 0.6921875 0.049999999999999996 0.05937500000000007
