0 0.03863275780472628 0.031831416668097426 0.041623513426887276 0.04534099243946549
0 0.15783598744823815 0.13650828608723653 0.03868680425098475 0.04686299140545977
0 0.09532038231425521 0.0349286252401524 0.04191004877557265 0.03965788749310788
0 0.04051237462622239 0.12718413177666246 0.0441358761369615 0.047632410269958306
0 0.5873518087716469 0.08915296614002317 0.04431328434069981 0.04819454315712579
0 0.46443422911541526 0.1061491010592899 0.042980713605127785 0.04676977275410417
0 0.08965730303199847 0.39339830104904167 0.05585965632545106 0.05212322647242351
0 0.2643451327431071 0.08873351737307714 0.04503419087544944 0.04503933419195806
0 0.47734174981737315 0.27237227975162737 0.04313872840018851 0.04501052810798539
0 0.15614277246824962 0.04205253651110631 0.03831150442469916 0.04463788686601917
0 0.019754144982349016 0.23077475342581488 0.03950828996469803 0.05232911240858837
0 0.9077580132819008 0.017160256640950396 0.043586539845702155 0.03432051328190079
0 0.32874365559380403 0.16948777874630155 0.04194731268421009 0.04461907338514501
0 0.3008791659579732 0.33338765954269933 0.05137027022449281 0.0517308597833086
0 0.9842036363543433 0.07681409235603245 0.03157796291369075 0.0444287373890555
0 0.4337635327581264 0.015934470526824455 0.043655035985862234 0.03186894105364891
0 0.5222160890871559 0.18964305094559264 0.04831417491464696 0.048907990401939494
0 0.07480324808139664 0.1882378196947624 0.04734072251451039 0.049098220373068074
0 0.7843998691636926 0.15305993184048078 0.04025309516621778 0.04494759502950832
0 0.2977000919010656 0.013149724296803167 0.038799448593606345 0.026299448593606334
0 0.011534611172021078 0.3740346111720211 0.023069222344042156 0.048069222344042095
0 0.8402081970790602 0.013043682365017273 0.043316340640718765 0.026087364730034545
0 0.08081064391662265 0.2871889755307814 0.044564643276768894 0.044700352544834676
0 0.7273688810670524 0.05168135111064259 0.040477838530191934 0.04013017525430876
2 0.41875 0.225 0.03749999999999998 0.04375000000000001
2 0.25625 0.5765625 0.04999999999999999 0.059374999999999956
2 0.0953125 0.1703125 0.034375 0.046875
2 0.9875 0.165625 0.025000000000000022 0.04999999999999999
2 0.7125 0.121875 0.050000000000000044 0.056249999999999994
0 0.7971798208409646 0.042185199765885216 0.048779566519084994 0.041069823583130424
