0 0.6459438090851143 0.02879211495907694 0.04319563689381645 0.05736290227931063
0 0.2633101271862751 0.08054929034862388 0.051181270495165354 0.061067461338160337
0 0.5584216939548576 0.7834216939548577 0.04951618637018973 0.054235064013527734
0 0.5594015958723946 0.14475238430591342 0.05117086536771809 0.06652176580292303
0 0.1834165519822643 0.4181859683753849 0.047869905039282956 0.059326787118450464
0 0.3803974270215521 0.48505469581465377 0.04944915564396318 0.06267353771637946
0 0.3278475914613201 0.20807779341729046 0.04813739945045237 0.06678853751125463
0 0.8101126594441665 0.3981575041562934 0.04533095814984944 0.06387727795760634
0 0.44977010944038165 0.06550663282751437 0.04963556520888501 0.061387409479380775
0 0.55784456894419 0.47491094937421674 0.04226966239169627 0.07105724192315582
0 0.9239184806956571 0.34081416359739725 0.05489643802140043 0.06670591463228082
0 0.6057043588454838 0.2987103205772581 0.044896650378349 0.06385969038244776
0 0.3539750155926556 0.03856492613515264 0.05226450896363344 0.06272606119474289
0 0.29810097889567744 0.3830592286124436 0.050173798004311154 0.07249831914283844
0 0.696405761912743 0.18418272430761962 0.05619158328738405 0.06658721134589404
0 0.4704154724253694 0.4186259521470769 0.044318915433425865 0.06003247739169687
0 0.6852625965355044 0.6210393262479941 0.04727956170759173 0.06635514685620203
0 0.5067247409224258 0.869672629263792 0.05472368576924225 0.06470050156768015
0 0.47630216828895217 0.5948904804369732 0.04350899742317038 0.05836825355454156
0 0.5635766633966072 0.6515816884910195 0.04209590358331461 0.06506060509515987
0 0.5216773207795451 0.29138679641698173 0.04275950014620944 0.060568426216033144
0 0.25409154298775666 0.8109005617735455 0.05506675855610729 0.07677680552057953
0 0.3751987643481898 0.3252043916625648 0.04856221396564919 0.05934645819634088
0 0.4014006792146064 0.925587599066289 0.051785178727099146 0.0714268401908722
0 0.7391706970889442 0.49639440680324554 0.049080913813921434 0.06434327267514545
0 0.310359629283112 0.6468255337562521 0.04781562317104049 0.06047188400632908
0 0.7131458035128974 0.04988522376267546 0.041317485222354344 0.04704483826597867
0 0.8289878123959431 0.6105301654000789 0.04894752619592191 0.0663030378951619
0 0.39522052438793037 0.16893809032868878 0.04445160665497683 0.06628772660625606
0 0.86405232839096 0.4602484133170738 0.049464867916953814 0.0567849712484893
0 0.3963785835469259 0.6561477304202803 0.04985378003581348 0.071845981061058
0 0.6586127294912021 0.4566528905469327 0.04583161326762175 0.062111457083688704
0 0.9334215244602633 0.48857251508668864 0.04522380633783052 0.05542896987138124
0 0.774352813392515 0.049009967146871475 0.037833945265769775 0.054579737174971776
0 0.16543624641383653 0.2559643611524298 0.04354424939607951 0.05977608706011392
0 0.9208361173023485 0.16371239899440698 0.042685720249531656 0.06767191418168242
0 0.338195599720234 0.7940073247328286 0.04399169427324068 0.0720744847387047
2 0.7765625 0.1671875 0.046875 0.053125000000000006
2 0.040625 0.1953125 0.05 0.05937500000000001
2 0.1234375 0.0140625 0.046875 0.028125
2 0.765625 0.7281249999999999 0.043749999999999956 0.05625000000000002
2 0.6125 0.596875 0.04375000000000007 0.05625000000000002
2 0.125 0.871875 0.05625000000000001 0.06874999999999998
2 0.6296875 0.1703125 0.046875 0.05937500000000001
2 0.13125 0.353125 0.05 0.0625
