0 0.1319901315789474 0.2753930921052632 0.04320559210526312 0.05094901315789474
0 0.6375264730914676 0.8714985200230783 0.049264344714395336 0.06196780816354741
0 0.33256085526315793 0.1784868421052631 0.04313322368421052 0.05423848684210528
0 0.2786940789473684 0.3736875 0.04068749999999999 0.060074013157894735
0 0.28329276315789476 0.5805378289473684 0.044777960526315774 0.057585526315789504
0 0.21513651315789473 0.7266875 0.04918585526315786 0.0572302631578947
0 0.28698684210526315 0.032634868421052635 0.04442105263157892 0.051736842105263164
0 0.48775182686730284 0.8454667802008544 0.05298720611101493 0.06798339227400263
0 0.2419210526315789 0.4672384868421052 0.03984375000000001 0.05577302631578934
2 0.13125 0.06875 0.05 0.0625
0 0.32437905087466623 0.7388866269735428 0.04639671162913517 0.06070712634402042
0 0.3115822368421053 0.8618042763157894 0.04459375000000004 0.061623355263157875
0 0.5059034229680733 0.15914812197267691 0.0462458905912187 0.05512782289861218
0 0.15933143171109365 0.40033494738674946 0.04682591309019479 0.05619280137600319
0 0.37345030181567734 0.4546243362184067 0.047954556778037616 0.06853729632764205
0 0.6437715003051405 0.3753800121141474 0.05815266141415387 0.06423545608392883
0 0.2051283224262274 0.5550858997580459 0.04228436645790801 0.05510994200113606
0 0.4042614965333249 0.907416925352373 0.04547215200937055 0.058112204009498014
0 0.40981132808672516 0.16537148426017528 0.04225175641009388 0.05386971617153338
0 0.8889293728793389 0.6226710742751385 0.03708662971919541 0.04938342495441839
0 0.5071856091011946 0.3853200635952212 0.0422268333356875 0.058105928180467226
0 0.6803529519315761 0.791410447803617 0.04373745584354427 0.05759216033059078
0 0.8578741711348916 0.7392166778372292 0.04799087802026614 0.07243004021402522
0 0.7187361965240737 0.6218770992019598 0.04599051936565923 0.051378405187644915
0 0.7585267796834468 0.5339207849033227 0.04347440759402521 0.06503103453047443
0 0.5586745300407063 0.7597627079837854 0.04860079458050448 0.06431577064725857
0 0.03084526571519725 0.9166263108888194 0.04902588354889625 0.05965252215992023
0 0.25722701079787763 0.8994772117926193 0.04689888650608698 0.05552140455033461
0 0.14177109071082067 0.6142111382928344 0.04372428582890944 0.05618319921547987
0 0.34323999469140953 0.33550289814422685 0.05368693510958794 0.06718259829611706
0 0.20840652844670737 0.15001574108355262 0.042318351226327156 0.056896174255271326
0 0.6924290896258232 0.21651391663340636 0.04765587268609062 0.053745316020754386
0 0.15842361713583875 0.20525882377419163 0.043481691693105645 0.05390202363598773
0 0.9781410826934598 0.5228560443010598 0.038330132303980524 0.05764302657508091
0 0.5666708835782457 0.9070233288717222 0.047440389795793236 0.06844219847766608
0 0.6670465950672086 0.498259800616599 0.05187213337257346 0.05808085345015451
0 0.5092243801270391 0.578294831282781 0.04622482522337351 0.06382729772541595
0 0.7122707851096893 0.9081886187201894 0.043439492491607945 0.052421843663175594
0 0.20710301897969918 0.3019849095489156 0.03899277876706175 0.04945865658470194
0 0.6318951760835754 0.5568108386422004 0.038919450861435445 0.05162121169718936
0 0.41940048501654725 0.7426797901055674 0.04756583182606505 0.05798520795651618
0 0.3138950714352138 0.5028576141103557 0.04442562842064679 0.04823608590824291
0 0.19626878875582923 0.9575714112127358 0.04265594622287694 0.06455949676738648
0 0.14059697258504145 0.8121602499742655 0.05286891668290891 0.05860799205490519
0 0.36133082129509253 0.6575122620283915 0.03799689861915473 0.04479373984031365
0 0.06770767862254447 0.4901671129862615 0.047904803361593695 0.05994928492299573
0 0.45852690120550876 0.46807475456116276 0.05095287781807628 0.05628195700515637
0 0.654506563217103 0.07934139079473469 0.054531946186946456 0.052288089940002995
0 0.26796456353619647 0.6754651217313703 0.03868094567157421 0.047908307228486824
0 0.41100834715358936 0.37871851870718165 0.04194825705928551 0.057826569363133185
0 0.5214705635275261 0.6735631433348976 0.03899606515952492 0.05908315308674772
2 0.0765625 0.140625 0.05312499999999999 0.0625
0 0.11587296558467972 0.9916915688306405 0.044245931169359445 0.016616862338719174
2 0.9296875 0.571875 0.04062499999999991 0.050000000000000044
2 0.0328125 0.2078125 0.046875 0.053125000000000006
2 0.4625 0.0765625 0.04375000000000001 0.05312499999999999
2 0.8046875 0.95 0.046875 0.05625000000000002
2 0.459375 0.228125 0.04999999999999999 0.04999999999999999
2 0.5625 0.1515625 0.043749999999999956 0.053125000000000006
2 0.759375 0.059375 0.043749999999999956 0.056249999999999994
