0 0.624703947368421 0.0394029605263158 0.037026315789473685 0.048888157894736856
0 0.696845394736842 0.05614802631578943 0.03298519736842087 0.04052302631578948
0 0.7189011327313504 0.12694050355066847 0.03955256518198447 0.050886402226619734
0 0.6611755738927438 0.1263583728137271 0.03963454378785436 0.04878840268947343
0 0.4849889760044126 0.01164008893767179 0.04059361188747834 0.02328017787534358
0 0.5237867887750622 0.06653534349207414 0.03429775170327776 0.04402138114733215
0 0.665297697368421 0.20245888157894737 0.038968749999999996 0.047853618421052624
0 0.7355674342105263 0.2602368421052632 0.03865625000000006 0.05786348684210535
0 0.4357017629973301 0.24912194105910015 0.04388402216475895 0.05472730583779012
0 0.4955292435360178 0.16266892287326723 0.03966765164183528 0.050594805076010524
0 0.5391069078947368 0.21605592105263155 0.035991776315789425 0.045159539473684146
0 0.611248355263158 0.25 0.04001809210526297 0.041870065789473665
0 0.7870284666685072 0.7792734640850625 0.04401284676335904 0.0593009852805253
2 0.946875 0.465625 0.043749999999999956 0.05625000000000002
0 0.6169342105263158 0.3500312500000001 0.04330756578947359 0.053822368421052647
0 0.3303256578947369 0.13479769736842104 0.04004769736842101 0.04888815789473683
0 0.39738215109606373 0.15352529871929202 0.04641265521193316 0.05344179753412698
0 0.38668585526315796 0.06430098684210526 0.03705592105263156 0.04754111842105263
0 0.32950328947368424 0.3270756578947368 0.04767598684210533 0.055169407894736844
0 0.6744292763157895 0.5130871710526317 0.0413651315789475 0.05217763157894734
0 0.4262302631578948 0.555623355263158 0.050355263157894736 0.06010361842105272
0 0.5503690475518758 0.547299033899526 0.0430767850430922 0.057799419121412954
0 0.5994375000000001 0.7746003289473686 0.040315789473684194 0.049796052631578935
2 0.4421875 0.07500000000000001 0.04062500000000002 0.05
0 0.7738503289473684 0.47825 0.04733388157894736 0.05009374999999994
0 0.5487631578947368 0.4351891447368421 0.04332236842105264 0.05247532894736845
0 0.17937828947368423 0.12230592105263159 0.03873026315789474 0.05053289473684211
0 0.7934309210526316 0.617527960526316 0.041945723684210456 0.06010361842105272
0 0.3361219679652572 0.0291454887238531 0.04360926119956904 0.05683346191704819
0 0.37636348684210524 0.6994671052631579 0.045733552631578966 0.05114309210526313
0 0.7019661824286224 0.6187850873531975 0.04321334104502417 0.05605381428929046
0 0.5725400298977471 0.06952289219280644 0.03703145620840531 0.037466107985700894
0 0.3927457265701809 0.4049347773526545 0.04037178064883795 0.05172277676887965
0 0.5483802536757468 0.7372266933135688 0.04238960328213914 0.051932131533296344
0 0.7102340324374352 0.8835025009441606 0.041638808083399814 0.061712439179027245
0 0.4529428254148669 0.3764859791848626 0.041405512314401594 0.053538212401742
0 0.4372060979623479 0.8059098710194104 0.040192238491580434 0.049335210567118426
0 0.6654363542370957 0.4033513811407924 0.04155938652153157 0.05071687880026543
0 0.6707809650540157 0.7951839580412976 0.045887106660636445 0.05052164242242041
0 0.7770929328985572 0.13323482013735316 0.03840589632922631 0.04914096037745794
0 0.43862575741382437 0.653204229561827 0.04015383048361665 0.04474856932944282
0 0.28770016878068316 0.2374932040935246 0.04145492591521599 0.05483862467550435
0 0.5574008611354342 0.30613606294709717 0.03888324330561066 0.051461219042835016
0 0.48477366493109914 0.6853036671576701 0.03432606852479181 0.05216325115828524
0 0.5858622717866606 0.9369149683420004 0.046192271350941394 0.046534747607441695
0 0.09955613807195263 0.18536182721491434 0.03705978795601178 0.05199667605666089
0 0.8113209166095063 0.30432237066959883 0.04427629330401095 0.054998272216840505
0 0.47022718459229046 0.956896939401165 0.04554118919858696 0.05687391724362845
0 0.13506335428921712 0.057778994794173456 0.03944414282293099 0.04429855335076248
0 0.5186762322122799 0.3119878957955379 0.042044829517006166 0.05403058497442975
0 0.11007486225152179 0.023811811257608954 0.03610027549695641 0.042024724503043585
2 0.234375 0.021875 0.04374999999999998 0.04375
2 0.22499999999999998 0.23281249999999998 0.037500000000000006 0.04687499999999997
0 0.14272073383927344 0.2796118031128426 0.042562241555080135 0.04873696061701471
2 0.31875 0.8359375 0.04999999999999999 0.07187499999999991
2 0.5859375 0.196875 0.034375000000000044 0.04375000000000001
2 0.8578125 0.7515625 0.046875 0.059374999999999956
2 0.9484375 0.653125 0.046875 0.05625000000000002
2 0.8625 0.48125 0.04375000000000007 0.05625000000000002
2 0.33125000000000004 0.6234375000000001 0.04375000000000001 0.05312499999999998
2 0.3796875 0.8484375 0.046875 0.05312499999999998
2 0.890625 0.2921875 0.043749999999999956 0.05312499999999998
2 0.8828125 0.625 0.04062499999999991 0.05624999999999991
2 0.7406250000000001 0.7359375 0.03749999999999998 0.046875
2 0.034375 0.1359375 0.0375 0.046874999999999986
2 0.7234375 0.3515625 0.046875 0.05312499999999998
2 0.896875 0.0125 0.043749999999999956 0.025
2 0.6078125000000001 0.4765625 0.04062500000000002 0.05312500000000003
