0 0.3612605381660584 0.8925134381647812 0.04351692890917608 0.045957929444193746
0 0.3827154605263158 0.7263782894736842 0.035113486842105246 0.04724342105263157
0 0.37891611842105266 0.7985197368421054 0.042741776315789515 0.05187993421052628
0 0.3165575657894737 0.7601661184210526 0.04573355263157891 0.048151315789473514
0 0.5634095394736842 0.7860279605263158 0.03942269736842108 0.05352467105263148
0 0.45764348794959175 0.7362096434415599 0.04538298156417947 0.049994532607954945
0 0.24770559210526313 0.7390115131578948 0.038417763157894746 0.045896381578947265
0 0.10410361842105262 0.7717500000000002 0.0350016447368421 0.049498355263157934
0 0.3478251620209893 0.21788533736703325 0.04861697782650898 0.061914067178262894
0 0.18410032894736844 0.9164161184210526 0.04275657894736842 0.047541118421052686
0 0.267342463962874 0.6519590751478428 0.04119039183154766 0.04901557675590651
0 0.3959078924481953 0.4130873740485437 0.04221155519895492 0.0573243286994331
0 0.507622443245551 0.5085740396974959 0.0437727370826867 0.05857824085611041
0 0.4458963815789474 0.5123355263157896 0.042429276315789466 0.05516940789473673
0 0.34924462402243445 0.4942206722555106 0.04113978393830531 0.05304707775087758
0 0.39251315789473684 0.552858552631579 0.039452302631579006 0.05187993421052639
2 0.48125 0.3421875 0.04375000000000007 0.05937500000000001
0 0.5161661184210526 0.6883223684210527 0.04003289473684224 0.05217763157894739
0 0.6197117237245586 0.726773193070892 0.049042276582440536 0.052471658164607526
0 0.6460148026315791 0.8726891447368421 0.04705098684210518 0.05187993421052639
2 0.0171875 0.38125 0.034375 0.04999999999999999
0 0.5296338265174695 0.8499593286001517 0.051496495010282084 0.051516895997276935
0 0.4962730263157895 0.7847664473684212 0.039437500000000014 0.05427631578947367
0 0.23840496793077845 0.8343955550795604 0.03636263604313045 0.056056947323966044
0 0.33764144736842105 0.6673947368421054 0.0421463815789474 0.05158223684210517
0 0.22446710526315788 0.44250493421052634 0.0484424342105263 0.06055756578947369
0 0.14840545659158869 0.44186432062619796 0.05107914139711091 0.05292212899192944
0 0.09593601208238076 0.4034103456732311 0.04796837159642377 0.047655319910002714
0 0.055159026456717185 0.48310239548195044 0.038618236953645094 0.04364668003335903
0 0.13139802631578948 0.5400690789473686 0.035738486842105274 0.048151315789473625
0 0.18982824256532674 0.5625457861381955 0.036997564057326626 0.05495205323656693
0 0.25272532894736843 0.5506891447368422 0.037070723684210605 0.04486184210526312
0 0.4216000335004555 0.6668146819708751 0.04379264658986387 0.047368548946917
0 0.2027023026315789 0.67203125 0.041409539473684226 0.04888815789473688
0 0.05102066941502867 0.6727596650753408 0.04048408980937543 0.049559455310812295
0 0.13950620083641063 0.6421192712967101 0.04008323136691759 0.04906579241384901
0 0.3907330731095253 0.9759254237203501 0.04090779610002743 0.04814915255929986
0 0.25867156795926893 0.9291973197206802 0.03693773180831844 0.04331647919364323
0 0.32649632295110675 0.5642738117015214 0.03570696104709009 0.044842889186702095
0 0.06306247968018523 0.609223698548845 0.03751322303249458 0.03852370344835321
0 0.04730227849207512 0.8161743580612394 0.037087981454070405 0.04639865270965249
0 0.9616581679466152 0.21076859373794904 0.03777655565649929 0.05067382554362368
0 0.48162212325117126 0.6380519695141755 0.04187774793665128 0.05008767234365907
0 0.48709380403217883 0.9835993166498403 0.03803100256782055 0.03280136670031886
0 0.1435783254197342 0.732476803347876 0.04179110747416344 0.05620589172925272
0 0.15607192535472136 0.28705270327558996 0.045829903870502564 0.04351708686882988
0 0.08020584137772087 0.5491466296177063 0.03690407949661608 0.04460337038229378
0 0.5020652080031223 0.12240858040578409 0.040590515496294666 0.05213122898030058
0 0.7945161417809317 0.8365595063774784 0.05239110467225572 0.06126413051789492
0 0.5793868409511056 0.14523174905859643 0.040195956877956296 0.052162471461171464
0 0.09154014583879361 0.6877195783367287 0.03319940054949182 0.03602352717811852
0 0.7338288134694282 0.9284026234650266 0.04478606258119788 0.059299538057830725
0 0.3017383327722081 0.9557772219948341 0.037267883630101695 0.04512733735140628
0 0.019933791884548784 0.2516680634124538 0.03907351836573212 0.07941267633472937
0 0.2973015926807744 0.805869133343139 0.04277710945846802 0.043288461535711864
0 0.5983888084998058 0.8828313882297258 0.04474803242367664 0.05092455659698236
0 0.8199997017198244 0.6778916635113572 0.04979770252753102 0.057456327830421317
0 0.8821448683052853 0.14463546650265358 0.04869078787174841 0.06338931100550692
0 0.5682786615392039 0.43353752758311237 0.04070687645902704 0.05697258278172257
0 0.4242941111797609 0.9551653846095461 0.03899342415341023 0.05217571811911115
0 0.6391400587312241 0.4961204668629068 0.041275204323765746 0.0571837756049518
0 0.41777376812472306 0.07824422906260765 0.04380934213137666 0.05609483877865379
0 0.6314272887835763 0.2544452698530999 0.04305226305807186 0.0523705115854729
2 0.596875 0.5828125 0.04375000000000007 0.05312499999999998
2 0.8640625 0.015625 0.05312499999999998 0.03125
2 0.12187500000000001 0.1140625 0.05 0.05937499999999998
0 0.9680795377639673 0.1165823761986606 0.05186004518596887 0.055456147641455164
2 0.084375 0.878125 0.04375 0.04999999999999993
2 0.6640625 0.98125 0.04062499999999991 0.03749999999999998
2 0.2046875 0.3046875 0.046875 0.06562500000000004
2 0.440625 0.828125 0.03749999999999998 0.050000000000000044
2 0.8921875 0.5984375 0.046875 0.05937500000000007
2 0.159375 0.978125 0.037500000000000006 0.043749999999999956
2 0.290625 0.484375 0.03750000000000003 0.0625
2 0.1546875 0.8359375 0.03437499999999999 0.04062499999999991
2 0.178125 0.7375 0.03125 0.04375000000000007
2 0.3296875 0.3921875 0.03437499999999999 0.046875
