0 0.3806591030239024 0.924261536985588 0.05477363292425347 0.05106578290052732
0 0.16995633308363584 0.9470666729189822 0.04244799765534729 0.04462963966025857
0 0.7740851729640792 0.806371067304442 0.05196559003939749 0.05022341470374647
0 0.9783640263255495 0.04871449966337124 0.04015813364752019 0.05118497384276477
0 0.41142450140878173 0.7865259971824365 0.05218120121355252 0.054743130030566634
0 0.7961040122100902 0.9221008915210647 0.04860107026507254 0.05023912927939722
0 0.9698998108752122 0.23618676139016576 0.0475083719505871 0.044535309082845836
0 0.9041228663445526 0.9043879857939496 0.043585976220020584 0.04249453683124049
0 0.8163053956586244 0.02179752424710828 0.0469784842420754 0.04359504849421656
0 0.015413942634394629 0.37535130006757367 0.030827885268789258 0.050954828016366804
0 0.427321631914896 0.6319285698895839 0.04458836460952781 0.04551650587086642
0 0.4928870993247922 0.7898320667569871 0.047480204741819354 0.037262058073107895
0 0.873614505644012 0.08811613706208996 0.04183786454057681 0.048005496269525674
0 0.5772946270719954 0.9164827792451424 0.05511044854220104 0.05508368001863906
0 0.0109375 0.29034935713131266 0.021875 0.04062500000000002
0 0.25448832725995774 0.7525463930445453 0.0421934853278329 0.04764583908649078
0 0.9669118051376198 0.4012015816127201 0.042686984885031753 0.045651724319285714
0 0.22963073512710433 0.5019436616525486 0.04622620644069392 0.04434471728815581
0 0.14997944832914728 0.42675730703141 0.04634408051739222 0.052580984352039783
0 0.9287335752568888 0.08954152062222252 0.03588046391111044 0.03966695875555501
0 0.9629719509551138 0.5530570748128268 0.03977325787557495 0.04205071433362595
0 0.798135196529107 0.3825500065481898 0.04443544092320317 0.03962229286738367
