0 0.2169676025167918 0.768628174987699 0.04659331173825079 0.06127152160402227
0 0.247066052622683 0.6623801656772997 0.04315733431427929 0.05706854315480547
0 0.49672393054562247 0.8429428472718881 0.043488906516325754 0.04990294521052496
0 0.17701313414647157 0.6175350164668427 0.046028872950296035 0.0562828670247878
0 0.3788010902717184 0.6627152828539897 0.044983955560001565 0.05087810289011807
0 0.5765624999999999 0.3043319280810416 0.042415477536319135 0.05229935137676095
0 0.430513056988044 0.7692616535590004 0.044569050411889244 0.05945410005198282
0 0.5598144625151333 0.9460194776940185 0.03977854007978576 0.049419501052348935
0 0.7027241238803705 0.6826700183300435 0.043903015515411425 0.048936185844848046
0 0.5060640657338432 0.7486540025659913 0.043060822322691594 0.04831333302373131
0 0.5008979275270067 0.6261204549203094 0.0427193980150361 0.05455282679372975
0 0.2668567029892198 0.43594125353476376 0.04153580519078248 0.04481374702047336
0 0.20207651974302338 0.5334710877957488 0.04293808884360542 0.05209696051395318
0 0.6374955075028473 0.4738977225648701 0.047965085483951286 0.05409681481233941
0 0.28370442869978907 0.8099925076960882 0.04116324322308279 0.05594622918009984
0 0.2714889278249234 0.5680960612338126 0.045113467159582865 0.049890299707292196
0 0.2388662076955902 0.901795591108336 0.049311035942337406 0.062244037436605004
0 0.14904444951729795 0.7020758510486286 0.037248343558424546 0.05357054548923257
0 0.05120779291572598 0.8217084488628021 0.04295922225947644 0.052385079865726825
0 0.30132431956784533 0.717949859149226 0.04606651640008702 0.04822087129931307
0 0.0386576830096326 0.6596941645218934 0.04819483188127735 0.06344555653466621
0 0.759298227660685 0.5637146781504784 0.04268166322442268 0.04953251466062403
0 0.09164352556206715 0.5052663412005389 0.038594726889338946 0.05115940845950684
0 0.15097139701845613 0.4670635872704144 0.042963763990864934 0.05811303749990687
0 0.40204520556323614 0.49787639904680725 0.05014792026859871 0.06391573396879519
0 0.3271535630822302 0.6440310474411037 0.04766215708816118 0.06093252462757459
0 0.3090473649218529 0.36574920914744224 0.036665963841572835 0.05299754545127394
0 0.3240503626700888 0.4919632103895469 0.03945039257135036 0.05169157069435515
0 0.21999966632630344 0.4691687799334112 0.03720120923787701 0.04011431671844767
0 0.16049510512810478 0.3201156291269679 0.03698370303431053 0.04490846133906451
0 0.4651384613894992 0.562085192148799 0.03581903912690371 0.04878528906235324
0 0.26432779061508227 0.32205633317718185 0.038415894621965097 0.04838678488144099
0 0.10926423305179313 0.609467485779008 0.04087985643577127 0.051259240808697815
0 0.38644625914735087 0.3764453358556593 0.039593434549969775 0.05125535837221534
0 0.4317808127050976 0.4649640652752649 0.04509654921244394 0.04886747667091362
0 0.0904123661180084 0.04457287080216742 0.03817961394675057 0.05848754096324836
0 0.10088125600598857 0.3460165596097476 0.034104521771604834 0.04857911966963335
0 0.3582373994656909 0.5861677133146539 0.04918164391134977 0.05387585875045087
0 0.5788424817151747 0.8633093200962908 0.03859487716432808 0.05779893675531245
0 0.2106511343700972 0.38996014050024475 0.040849640130007636 0.05102155150992804
0 0.4391059354189018 0.6268936284504099 0.037070277663938334 0.04907085917152243
0 0.17197964054344816 0.8914901606079972 0.034625344611320635 0.04721576885132406
0 0.6063816009649399 0.7236193705946017 0.041391065585305475 0.047060466116023214
0 0.1046929010274791 0.24965317785388724 0.038432084517677795 0.04047686599606182
0 0.3210955772786144 0.9054799866952463 0.041583067513913274 0.05242422220083043
0 0.08669359281180099 0.13101767794957686 0.03202375397260923 0.04504210828653479
0 0.40946824604870646 0.9098603266017952 0.04151164769793231 0.04192282460928354
0 0.2612082340335742 0.8779977359433221 0.038754992871700034 0.05531180886924236
0 0.4108705462620969 0.8231851718139613 0.040790808713740856 0.05324767672215558
0 0.6098712154802278 0.7948573741270349 0.05206393538476184 0.0434507880974746
0 0.2737040626684504 0.21697571857094372 0.03771422927189627 0.048545226596658136
2 0.6 0.1765625 0.050000000000000044 0.05937499999999998
0 0.23182381684694994 0.2087795497167905 0.036352366306100115 0.03808670530622171
2 0.6359375 0.6125 0.04062500000000002 0.04999999999999993
0 0.1316586727271122 0.7359910254196924 0.03240642269789394 0.041324539779530434
2 0.625 0.9875 0.050000000000000044 0.025000000000000022
2 0.153125 0.5484374999999999 0.037500000000000006 0.04062500000000002
2 0.0390625 0.540625 0.040624999999999994 0.050000000000000044
2 0.21875 0.984375 0.04375000000000001 0.03125
