0 0.5041990131578947 0.06960361842105263 0.04990131578947371 0.06204605263157894
2 0.0546875 0.1296875 0.053125000000000006 0.071875
0 0.08455602052912695 0.5370603224606103 0.04601312887639504 0.05750976905329708
0 0.3005285258203452 0.9653566096849635 0.047600757049305664 0.05756667440479679
0 0.22901859049106732 0.8875302928509903 0.052705532469441735 0.06386860362822977
0 0.10425452611430919 0.7945548627111241 0.04584993034281977 0.060970484771443734
2 0.2140625 0.31875 0.053125000000000006 0.0625
2 0.0796875 0.30625 0.059375 0.06875000000000003
2 0.1109375 0.0125 0.046875 0.025
2 0.1484375 0.2015625 0.05312499999999999 0.06562499999999999
2 0.371875 0.1765625 0.05625000000000002 0.06562500000000002
2 0.253125 0.0125 0.056249999999999994 0.025
