0 0.35489019674129485 0.08873146676604307 0.03868673763453234 0.046481308321150924
0 0.45340853305315226 0.047321014758556844 0.043243459567569364 0.06250000000000001
0 0.30061829987396504 0.019784800600047166 0.05250728207662009 0.039556394550577474
0 0.9800113073964707 0.719808525964228 0.039977385207058624 0.048029475777147
0 0.7427727369851764 0.02457062355686615 0.04185867908002605 0.04841609350815573
0 0.27989599642047636 0.12023239364830876 0.042925924016793404 0.0683661311549555
0 0.594967109267491 0.21660196582055416 0.04311094926007408 0.057689003268724004
0 0.3742136375547569 0.015012536242474896 0.045209739683074235 0.029490819738369572
0 0.7723286774276308 0.2676793977836767 0.051560437082896926 0.054812980221567664
0 0.4989096617260665 0.18797216172606662 0.04745288538572978 0.0525298934201506
0 0.8431255668529107 0.8042538839449737 0.04477317772275402 0.04755424928254359
0 0.6144010220595896 0.08631482441984137 0.04000507999698488 0.0442532855855968
0 0.5383348085512052 0.2529708923420482 0.041357011375270814 0.048623654682725365
0 0.8221247783385529 0.22110901410891437 0.049811278097104505 0.058953152016446825
0 0.735366849157451 0.7246033600502988 0.04024561000954863 0.044499616389791385
0 0.6695251010238882 0.6713589993630941 0.051055574291695605 0.04603495411338021
0 0.38560463307823856 0.30908968948807747 0.04305652215143024 0.054073005457454915
0 0.8854720118407775 0.4739669760684593 0.05285733316667629 0.06135238065477888
0 0.8684460821024218 0.28531893657681634 0.050421921805878234 0.04180015551660787
0 0.8729335807862542 0.14227925062136326 0.04722631671314115 0.050060851879241086
0 0.9479867876487749 0.2904689251936494 0.04815436794682948 0.05782629070346573
2 0.8390625 0.0296875 0.03437499999999993 0.046875
2 0.9015625 0.6828125 0.046875 0.05312499999999998
2 0.6328125 0.4703125 0.046875 0.05937500000000001
