0 0.7881066380422479 0.5388285535015935 0.03979215505170297 0.04601080802702007
0 0.2880986842105263 0.614152960526316 0.045332236842105245 0.04949835526315782
0 0.4839161888265172 0.17737832510756518 0.04725297562551972 0.055146311173482815
0 0.6019377602766649 0.5863358618492873 0.04228766716993404 0.051267913038283486
0 0.9079183297622201 0.4410036076678169 0.041318867589769326 0.04112782472210946
0 0.6284159668050936 0.4882504500577049 0.046844788881108324 0.04459258223758866
0 0.2275943163246522 0.3975190717021329 0.04406524275965035 0.052260166943124076
0 0.7888779328794353 0.6385202690968252 0.04092133214737437 0.04460117793878371
0 0.775571501650568 0.3283596537620982 0.045109146507850806 0.05043774561396447
0 0.6197222635077668 0.25375727047287533 0.052005354275295734 0.05537640144886252
0 0.29130278853944014 0.5009567541360846 0.04041216011452037 0.04594698624050003
0 0.26252201985816925 0.1860454266887964 0.04477727868248735 0.0484441062063411
0 0.5157319938469218 0.390459045835413 0.04422965117974653 0.05263608073202036
2 0.18906250000000002 0.49687499999999996 0.040624999999999994 0.04999999999999999
2 0.7359375 0.4484375 0.034375000000000044 0.046875
2 0.8265625000000001 0.428125 0.04062500000000002 0.04999999999999999
2 0.721875 0.6296875 0.03749999999999998 0.04062500000000002
2 0.175 0.646875 0.04374999999999998 0.050000000000000044
2 0.8953125 0.1765625 0.04062500000000002 0.046875
2 0.65625 0.671875 0.03750000000000009 0.050000000000000044
2 0.6796875 0.30625 0.04062499999999991 0.04375000000000001
2 0.060937500000000006 0.0140625 0.040625 0.028125
