0 0.20498001535248966 0.0778443840174165 0.07292796398379578 0.0739097078766922
2 0.7140625 0.328125 0.07187500000000002 0.08125000000000004
0 0.30791452344414727 0.09488739694375237 0.06980426105924087 0.07493197899826765
0 0.06290197992778299 0.0753976673864513 0.06839036437908094 0.06851198782469298
0 0.3210924440792726 0.2596801955092806 0.054366676768759836 0.0605032133091713
0 0.11237882392783614 0.16514590681199842 0.05115943903538059 0.05604111405805298
0 0.07101128009126761 0.009375000000000001 0.051727439817464756 0.018750000000000003
2 0.8625 0.2921875 0.07500000000000007 0.078125
2 0.16875 0.5265625 0.07499999999999998 0.06562499999999993
2 0.1828125 0.6953125 0.05937499999999998 0.059374999999999956
2 0.015625 0.428125 0.03125 0.0625
2 0.09687499999999999 0.971875 0.062499999999999986 0.05625000000000002
2 0.046875 0.5687500000000001 0.08124999999999999 0.06874999999999998
2 0.9671875 0.021875 0.06562500000000004 0.04375
2 0.071875 0.25625 0.06249999999999999 0.06249999999999997
2 0.2859375 0.64375 0.046875 0.05625000000000002
2 0.015625 0.1953125 0.03125 0.05312499999999998
2 0.2125 0.3203125 0.0625 0.08437499999999998
2 0.5625 0.040625 0.07499999999999996 0.06874999999999999
2 0.4296875 0.4359375 0.07187500000000002 0.07187499999999997
2 0.6546875 0.25625 0.06562500000000004 0.06249999999999997
