0 0.6188174342105264 0.8066726973684212 0.043203947368421036 0.04545723684210534
0 0.7290978731240392 0.8297095800599095 0.04915935490859036 0.052449390287515385
0 0.6063197469639088 0.35962879694456057 0.05622688809648346 0.06641339519118017
0 0.7200394736842106 0.5152565789473684 0.04677631578947372 0.05502796052631587
0 0.5283645690775852 0.9097728310257838 0.05534719776526997 0.05475466610178792
0 0.9325156587720594 0.5964921618796625 0.04941909852621884 0.053583363704285736
0 0.8368865131578946 0.4899753289473684 0.050504934210526375 0.05114309210526319
0 0.7326726973684211 0.19063322368421048 0.0415444078947369 0.04486184210526312
0 0.839189324254416 0.24767152764352063 0.04039050472847583 0.05181477070246995
0 0.6666710526315789 0.44782236842105266 0.040495065789473594 0.04515953947368423
2 0.6171875 0.9125 0.059374999999999956 0.0625
0 0.5821759868421053 0.9749194078947369 0.04278947368421049 0.044225328947368636
0 0.13245888157894734 0.9866858552631581 0.043248355263157845 0.026613486842105183
0 0.19126475627380368 0.9424190490782929 0.04484754252432163 0.04637253916137152
0 0.7916040856581212 0.9802957799629977 0.04922523444826077 0.03674181152900646
0 0.14328743798605065 0.6498721445470658 0.0508335480302058 0.0502943313738522
0 0.5578077333864715 0.06440643252822108 0.04942865864397605 0.06304813479649646
0 0.33593750000000006 0.8131764864722787 0.0523846397864548 0.05618238464833625
0 0.35673418347939134 0.8984496032771268 0.05257423867247635 0.05334691306186112
0 0.5119940254479485 0.48982894912527264 0.04226167809330039 0.04972142387843781
0 0.06087508138592454 0.6720730915611134 0.043532095901869045 0.052753854622346275
0 0.3739376161264001 0.2660478535356954 0.050829400682660675 0.059096171576991485
0 0.14184384194672797 0.48451576894938564 0.050578398579198894 0.04971936649527464
0 0.3888538308788007 0.712134590248606 0.05675934179011122 0.06174560414466168
0 0.860821400896461 0.7745390584811782 0.05070073840701794 0.05399850405988449
0 0.3621305661111244 0.5571534655381043 0.04695058076603542 0.057773226762555696
0 0.21327877240625176 0.6062468748230921 0.05428034416640615 0.053893012984889355
0 0.9438019300235891 0.708882208356612 0.04743703167484015 0.051835947994909426
0 0.23147592759591418 0.294189318522669 0.04942649148729458 0.054432894479325755
0 0.6079371235653932 0.503667471382854 0.04917655522911546 0.046066516307172845
0 0.05996302779848421 0.17981890393498906 0.04979951324086945 0.0498240030306796
2 0.384375 0.390625 0.05624999999999997 0.0625
2 0.2265625 0.878125 0.046875 0.05625000000000002
0 0.1190107708068692 0.03660738992372938 0.04096266286574518 0.046119471243087955
0 0.040566173214872686 0.29657465180430176 0.04806396424266971 0.03885494829430941
0 0.27730319986649404 0.20116622011686425 0.04516929377551748 0.04050898493121333
2 0.9796875 0.2109375 0.04062500000000002 0.05312499999999998
0 0.21062970663669844 0.13397944606798334 0.05581628904490177 0.05912443924945751
0 0.015113525597018673 0.23332397440298136 0.030227051194037347 0.04573974402981332
0 0.11616477626372787 0.2822586938203531 0.04563327612404995 0.045097066433260724
0 0.33521692238513545 0.5635545748964169 0.04234869311053602 0.05443994130506291
0 0.31919706366889666 0.4787446756241426 0.05108972379591803 0.04124326108887261
2 0.040625 0.8999999999999999 0.05 0.05625000000000002
2 0.6828125 0.3046875 0.05312499999999998 0.059374999999999956
2 0.925 0.9515625 0.05625000000000002 0.06562500000000004
2 0.8843749999999999 0.38125 0.03749999999999998 0.04375000000000001
2 0.4140625 0.94375 0.046875 0.050000000000000044
2 0.9390624999999999 0.48906249999999996 0.04062500000000002 0.046874999999999944
2 0.8078125 0.9015625 0.046875 0.046875
2 0.109375 0.8859375 0.04999999999999999 0.05937500000000007
2 0.48750000000000004 0.1578125 0.06250000000000006 0.06562499999999999
2 0.984375 0.303125 0.03125 0.05624999999999997
2 0.584375 0.7515624999999999 0.043749999999999956 0.04062500000000002
2 0.84375 0.028125 0.05624999999999991 0.05625
2 0.984375 0.0328125 0.03125 0.059375
2 0.9859375 0.7171875 0.028124999999999956 0.046875
2 0.1375 0.784375 0.056249999999999994 0.04999999999999993
2 0.4296875 0.884375 0.04062500000000002 0.050000000000000044
2 0.51875 0.971875 0.04375000000000001 0.04375000000000007
2 0.7125 0.709375 0.043749999999999956 0.050000000000000044
2 0.3515625 0.9765625 0.046875 0.046875
2 0.8640625 0.6421875 0.046875 0.046875
2 0.971875 0.1203125 0.04375000000000007 0.053125000000000006
2 0.5421875 0.7953125 0.05312499999999998 0.059374999999999956
2 0.815625 0.7390625 0.03749999999999998 0.05312499999999998
