0 0.6973951832469037 0.717837191572903 0.043950784346863836 0.045877719026040875
0 0.880847941719795 0.8259085918825105 0.04612289677383463 0.05114496156584103
0 0.9229866272687316 0.9777052219398534 0.04093597560673534 0.03863495549595197
0 0.5124663304714511 0.3390381061072455 0.054002870625120325 0.05527193162739802
0 0.5873501323035675 0.562571388124012 0.046093230311129996 0.05354878969107024
0 0.5308819939816766 0.7709624084168183 0.048799980375032526 0.04774891208014542
0 0.4802624018650965 0.2268032164333833 0.04874457864207177 0.045977467735528355
0 0.7269862281980963 0.8108494274829474 0.04813517619316143 0.05697261507914819
0 0.2816947758126937 0.1929170501062922 0.05194108499419081 0.05529616237556395
0 0.7551649422556579 0.6912338508115605 0.040049349456874106 0.04953496135429847
2 0.9796875 0.8500000000000001 0.04062500000000002 0.05625000000000002
0 0.1434863867461291 0.8978759277115592 0.04151756382325168 0.04023253005413796
0 0.0669194640329489 0.9428574282324257 0.05036313945521907 0.05366042519329439
0 0.31813517958731163 0.9348050044271109 0.04342445297498537 0.042282374906374764
0 0.7489540591334067 0.07607695760910942 0.05123990828128566 0.04070895315618034
0 0.12095115335431603 0.05284657063704962 0.05034078298897193 0.04461448303364607
2 0.8796875 0.0265625 0.046875 0.053125
0 0.2425051681127307 0.8949826743101486 0.04466457036615698 0.038796295098946776
0 0.37472414867231685 0.8555856577667948 0.04753884909055206 0.03989908350361393
2 0.53125 0.1484375 0.050000000000000044 0.05937500000000001
2 0.9296875 0.434375 0.059374999999999956 0.0625
2 0.9875 0.0375 0.025000000000000022 0.05625
2 0.6546875000000001 0.8515625 0.04062500000000002 0.046875
2 0.971875 0.0203125 0.04999999999999993 0.040625
2 0.7828125 0.0140625 0.034375000000000044 0.028125
