0 0.982284542704057 0.9842459185947178 0.03543091459188619 0.031508162810564455
0 0.5559131165958617 0.9607549174866425 0.04315514174319102 0.04694093981089764
0 0.9770258888452823 0.7840105134507662 0.04594822230943507 0.05751212545466944
0 0.6465689493945754 0.8936346626301116 0.050313888416912644 0.05715405262075035
0 0.9809846450850921 0.0407041283269026 0.03803070982981538 0.05900970857505942
0 0.9834834914452895 0.45693475913424497 0.03303301710942064 0.05541057155285872
0 0.8547354316277678 0.6717544125985253 0.05334100654628149 0.05387338172532363
2 0.7453125 0.965625 0.06562499999999993 0.0625
2 0.0125 0.9671875 0.025 0.046875
0 0.07217187330794425 0.7411952277677287 0.04910846345196604 0.05083976898242881
0 0.7385937706400864 0.5095853958253589 0.0479050579129745 0.044959929159676004
0 0.31777586454657336 0.7889185625169683 0.05197550394729489 0.04941536647454081
0 0.8907167669803606 0.016360366509819736 0.04356646603927883 0.03272073301963947
0 0.32438872671184815 0.8530412221381816 0.04133004428947046 0.040302127669450516
0 0.24728353307534623 0.6101111224568772 0.048237100236528385 0.04124901521292135
2 0.4640625 0.9640625 0.046875 0.05937500000000007
0 0.4954779404374903 0.8835488865117622 0.04462434426793871 0.048237842298268885
0 0.1261752533244393 0.158278825328395 0.05336096907909087 0.04856608848150892
0 0.546392241253174 0.6281542761848757 0.04364582711486564 0.04569694109866673
0 0.9912677687262526 0.2339621640921843 0.017464462547494897 0.04384405945811601
2 0.240625 0.978125 0.04375000000000001 0.043749999999999956
0 0.8302807749890619 0.21740053547989646 0.04635120143059479 0.04226126590694579
0 0.6275873632395462 0.1767364979322704 0.04347336013795178 0.04731181619773067
0 0.38292699696787225 0.22551027872994117 0.055654970055087516 0.056261036761899835
