0 0.2993124999999999 0.46412499999999995 0.04325000000000001 0.04084374999999998
0 0.4184374999999999 0.4370312500000001 0.05178124999999998 0.03465624999999992
0 0.5006875000000001 0.4301562499999999 0.03956250000000008 0.04021875000000001
0 0.5119999999999999 0.32934374999999994 0.05378124999999993 0.038718749999999955
0 0.5838125 0.4149062499999999 0.06371874999999996 0.048718749999999963
0 0.6402187500000001 0.51846875 0.04965624999999996 0.03643750000000008
0 0.6494687500000002 0.1491250000000001 0.04759375000000006 0.03140624999999999
0 0.60078125 0.18853124999999996 0.04890624999999993 0.04440625000000002
0 0.34553124999999996 0.14831249999999993 0.052468749999999974 0.05096875000000001
0 0.25540625000000006 0.14178125000000003 0.04771875000000003 0.044781249999999995
0 0.8075937499999999 0.06337499999999992 0.05196874999999999 0.04381249999999999
0 0.8712499999999999 0.10528124999999999 0.033062500000000127 0.04559375000000001
0 0.9394375 0.09393750000000001 0.03756249999999994 0.04068749999999999
0 0.09371875000000003 0.23671875 0.05396874999999999 0.04818749999999996
0 0.13221875 0.13399999999999998 0.04540625 0.04240624999999998
0 0.4085000000000001 0.025218749999999977 0.06315624999999998 0.045906249999999996
0 0.22403125 0.22209374999999998 0.04715625000000001 0.040312500000000015
0 0.14875000000000008 0.20565625 0.03968750000000001 0.03853125000000002
0 0.19700000000000006 0.30274999999999996 0.041031249999999984 0.04371875000000003
0 0.12040624999999991 0.45646875 0.04715625000000001 0.03640624999999993
0 0.31850000000000006 0.2205 0.04356249999999999 0.04068750000000003
0 0.6195625 0.34800000000000003 0.04312500000000004 0.04253125000000004
0 0.5940625 0.04296875 0.04562500000000007 0.043781249999999994
0 0.5144062500000001 0.24653124999999995 0.05384375000000006 0.04284375000000003
0 0.53790625 0.11634375000000005 0.029593750000000085 0.032062500000000015
0 0.45628124999999997 0.10421875000000007 0.044593749999999946 0.036343749999999994
0 0.3349375 0.07015624999999996 0.03721874999999999 0.035968749999999994
0 0.26615625000000004 0.05031250000000007 0.04484374999999998 0.042625
0 0.18121875000000004 0.053312500000000006 0.03590624999999999 0.03631249999999999
0 0.115625 0.0046875 0.04375 0.009375
0 0.050437499999999955 0.020937499999999963 0.035125 0.037343749999999995
0 0.6620000000000001 0.251375 0.04046874999999996 0.03678125000000003
0 0.7986562500000002 0.15700000000000003 0.04178125000000001 0.04612500000000001
0 0.75125 0.24875000000000008 0.04421874999999993 0.03965624999999999
0 0.8190312500000001 0.24168749999999992 0.042749999999999934 0.040281249999999956
0 0.9015625 0.29803125 0.04021875000000001 0.03887499999999999
0 0.8427187499999998 0.36437500000000006 0.03775000000000013 0.04321875000000004
0 0.83953125 0.46334374999999994 0.04453125 0.04506250000000005
0 0.8418749999999999 0.5599999999999999 0.0455937500000001 0.045812500000000075
0 0.71403125 0.38534375 0.032874999999999946 0.03634374999999999
0 0.7044374999999998 0.32284375 0.06665624999999994 0.049249999999999974
0 0.28184375 0.31128125000000006 0.06678125000000001 0.03890624999999996
0 0.38965625 0.29946874999999995 0.04324999999999997 0.041750000000000044
0 0.4313437499999999 0.5516249999999999 0.04821875000000002 0.039750000000000084
0 0.35862499999999997 0.6133124999999999 0.04540625 0.04193750000000005
0 0.42046875000000006 0.6655625000000001 0.04431250000000002 0.043031249999999945
0 0.5414999999999999 0.7115937500000001 0.06171875 0.042343750000000034
0 0.6456250000000001 0.62196875 0.06524999999999999 0.0515625
0 0.7482812500000001 0.4694062499999999 0.03315625000000004 0.05003124999999997
0 0.74490625 0.5325312500000001 0.03706250000000004 0.04081250000000001
0 0.7581562500000001 0.61946875 0.04221874999999997 0.04350000000000005
0 0.03096875000000008 0.26184375000000004 0.04253125 0.034218749999999964
0 0.03096875000000008 0.320875 0.0568125 0.041750000000000044
0 0.055062500000000014 0.39078125 0.04081250000000001 0.03893749999999998
0 0.19065624999999997 0.7021249999999999 0.03393750000000002 0.04124999999999997
0 0.06678125000000001 0.6611249999999999 0.03931249999999999 0.03765625000000004
0 0.90853125 0.36968750000000006 0.057687500000000114 0.04668749999999999
0 0.9650312499999998 0.31137499999999996 0.053031250000000085 0.040593750000000026
0 0.34362499999999996 0.3796875 0.03846875000000001 0.03765625000000004
0 0.30656250000000007 0.7873750000000002 0.03587499999999997 0.05118749999999998
0 0.7059687499999999 0.73859375 0.04278124999999999 0.055656250000000004
0 0.87846875 0.17056249999999995 0.036812499999999915 0.038093749999999996
0 0.01875 0.184375 0.0375 0.04375
0 0.0078125 0.0578125 0.015625 0.040625
0 0 0.009375 0 0.01875
0 0.038124999999999964 0.50471875 0.03528125 0.03996875000000007
0 0.34243749999999995 0.55778125 0.04006249999999998 0.03909374999999997
0 0.009375 0.4140625 0.01875 0.034375
0 0.11634375000000005 0.35824999999999996 0.04134375000000001 0.043312500000000045
0 0.42134374999999996 0.1590937500000001 0.03874999999999993 0.03571875000000002
0 0.46762499999999996 0.21165625000000005 0.03465624999999992 0.034499999999999975
0 0.42259375000000005 0.8096562500000001 0.04768749999999997 0.03978125000000006
0 0.20831250000000007 0.8265 0.056656249999999984 0.03937500000000007
0 0.13303125 0.6540312499999998 0.03678124999999999 0.040156250000000074
0 0.59159375 0.8934687499999999 0.05615625000000009 0.03693750000000016
0 0.5901875000000001 0.29118750000000004 0.04196875000000002 0.042624999999999955
0 0.9438437499999999 0.029843750000000037 0.03337499999999984 0.0369375
0 0.24646875000000001 0.5695937499999999 0.042031249999999964 0.042624999999999955
0 0.2875 0.00625 0.0375 0.0125
0 0.484375 0.0015625 0.03125 0.003125
0 0.7408437500000001 0.17415625000000007 0.029968749999999923 0.026374999999999992
0 0.500625 0.1560625 0.03203125 0.030437499999999985
0 0.46206250000000004 0.37934375 0.03206249999999997 0.034499999999999975
0 0.09368750000000006 0.50115625 0.030125000000000002 0.030437500000000027
0 0.6833124999999999 0.43718749999999995 0.03606250000000007 0.036531249999999994
0 0.30578125000000006 0.67571875 0.028031249999999997 0.026374999999999992
0 0.603125 0 0.04375 0
0 0.5554375 0.05253125000000001 0.03203125 0.034499999999999996
0 0.30274999999999996 0.38846875000000003 0.03412499999999996 0.032468749999999956
0 0.7203125 0.0046875 0.059375 0.009375
0 0.3748125 0.2311562500000001 0.036125000000000004 0.03856250000000001
0 0.48846875 0.05759375000000002 0.05640625000000003 0.036531249999999994
0 0.08862500000000004 0.17737499999999998 0.0361875 0.036531249999999994
0 0.21140624999999993 0.02106250000000003 0.030093749999999985 0.02840625
0 0.7858125000000001 0.20984374999999994 0.03399999999999999 0.036531249999999994
0 0.6975312500000002 0.19765625 0.03200000000000003 0.03246874999999998
0 0.5390625 0.003125 0.028125 0.00625
0 0.47728125000000005 0.014968750000000064 0.030031250000000044 0.02840625