0 0.20759375000000002 0.37487499999999996 0.02856249999999998 0.0359375
0 0.23809375 0.204625 0.05106250000000001 0.03831249999999999
0 0 0.496875 0 0.04375
0 0.21649999999999991 0.53759375 0.03253124999999999 0.03284374999999997
0 0.3174687499999999 0.659125 0.03496874999999999 0.04221874999999997
0 0.15 0.24281250000000001 0.032624999999999994 0.04609375
0 0.34556249999999994 0.15228124999999998 0.043187499999999976 0.053593749999999975
0 0.39587500000000003 0.18571875 0.03975000000000004 0.05534374999999998
0 0.38559374999999996 0.2748125 0.04659375000000003 0.06775000000000002
0 0.3413125000000001 0.333625 0.0421875 0.049124999999999995
0 0.5293125 0.3288125 0.04384374999999992 0.06003125000000002
0 0.6063124999999999 0.1863125 0.04696874999999991 0.05934374999999999
0 0.649625 0.32953125 0.041031249999999984 0.0578125
0 0.6633749999999999 0.0693125 0.04112500000000008 0.05909374999999999
0 0.6764062500000001 0.137375 0.039750000000000084 0.05465624999999998
0 0.7238749999999999 0.18315625 0.03528125000000006 0.05365624999999998
0 0.78628125 0.3271875 0.03662500000000009 0.053749999999999964
0 0.77734375 0.41293749999999996 0.03249999999999993 0.046937499999999986
0 0.55678125 0.4913125 0.05418749999999992 0.06309374999999999
0 0.7595312499999999 0.08853124999999999 0.038000000000000075 0.042625
0 0.7850625000000001 0.1536875 0.044500000000000026 0.06324999999999999
0 0.29909374999999994 0.578125 0.045968750000000023 0.05256249999999998
0 0.28118750000000003 0.42115625 0.037812499999999985 0.049687499999999975
0 0.20250000000000004 0.60490625 0.04471875000000001 0.05250000000000003
0 0.20815625000000004 0.71746875 0.03578124999999999 0.05259374999999995
0 0.5033125 0.6174062499999999 0.06381250000000005 0.05478124999999991
0 0.46890625 0.7200624999999999 0.04640625000000007 0.04803125000000001
0 0.5379375 0.692 0.057624999999999996 0.05653124999999992
0 0.599 0.60965625 0.05075000000000003 0.057937500000000065
0 0.53509375 0.56534375 0.034781249999999986 0.035374999999999976
0 0.7422187499999999 0.6298125 0.04109374999999993 0.04118750000000002
0 0.7084687500000001 0.72371875 0.04556249999999995 0.047968750000000074
0 0.632875 0.79515625 0.04868749999999995 0.0421875
0 0.6939062499999998 0.79071875 0.04728124999999998 0.040124999999999925
0 0.6535624999999999 0.69921875 0.03865625000000002 0.04353125000000002
0 0.80975 0.84203125 0.032156249999999977 0.044593749999999946
0 0.82346875 0.4533125 0.032156249999999886 0.04540624999999991
0 0.78284375 0.4846875 0.03662500000000009 0.043031249999999945
0 0.28031249999999996 0.853875 0.04640624999999998 0.051125000000000045
0 0.25171875000000005 0.931625 0.032500000000000015 0.031468750000000156
0 0.4741250000000001 0.84940625 0.040000000000000036 0.039406250000000045
0 0.5401562500000001 0.829 0.044937499999999984 0.045968750000000114
0 0.6016874999999999 0.8818125 0.04800000000000004 0.055593749999999886
0 0.09674999999999993 0.7835625 0.032406250000000004 0.04081249999999992
0 0.15075000000000002 0.764 0.03409374999999999 0.03599999999999994
0 0.11390624999999996 0.83315625 0.035187500000000003 0.04053125000000009
0 0.34375 0.93909375 0.03956249999999999 0.04078124999999986
0 0.6532499999999999 0.94140625 0.06412499999999995 0.042312499999999885
0 0.7504062499999999 0.95015625 0.04093750000000007 0.04193749999999987
0 0.7781874999999999 0.9009375000000001 0.03949999999999996 0.043343750000000014
0 0.8192187499999999 0.9719687499999999 0.044187499999999956 0.042312499999999885
0 0.41999999999999993 0.9620312500000001 0.050406249999999986 0.03775000000000013
0 0.18053124999999995 0.9779687499999999 0.04574999999999998 0.04053125000000009
0 0.115625 0.9859375 0.04375 0.028125
0 0.8686250000000001 0.5394062500000001 0.0370000000000001 0.04118750000000002
0 0.8907812499999999 0.48728125 0.03296874999999986 0.04481249999999992
0 0.92075 0.52903125 0.0346562500000001 0.04121874999999999
0 0.94996875 0.58046875 0.027468749999999886 0.042750000000000024
0 0.009375 0.31875 0.01875 0.05625
0 0.06365625000000001 0.1906875 0.03665625000000001 0.03840625000000002
0 0.009375 0.1640625 0.01875 0.040625
0 0.10590624999999995 0.31196875 0.031999999999999994 0.03846875000000001
0 0.015625 0.5703125 0.03125 0.046875
0 0.08846875000000001 0.07315625 0.036312500000000004 0.052875000000000005
0 0.6932500000000001 0.86340625 0.03987499999999997 0.03959374999999987
0 0.11593750000000007 0.53059375 0.030218750000000006 0.03181250000000002
0 0.12228124999999998 0.59475 0.030593749999999975 0.037531249999999974
0 0.0046875 0.7265625 0.009375 0.040625
0 0.36978124999999995 0.72425 0.04400000000000004 0.047531249999999935
0 0.4044062500000001 0.78834375 0.03975000000000004 0.03696874999999995
0 0 0.9921875 0 0.015625
0 0.747625 0.5427187499999999 0.04087499999999995 0.03821875000000006
0 0.06471874999999994 0.8515937499999999 0.041593750000000006 0.04440625000000011
0 0.028749999999999963 0.7926562500000001 0.03815625 0.04221875000000006
0 0.13284374999999998 0.01278125 0.04775 0.0255625
0 0.68596875 0.6408125 0.04031249999999993 0.03734374999999997
0 0.568875 0.7485937500000001 0.04481249999999992 0.03693749999999998
0 0.5120625000000001 0.7613749999999999 0.04481249999999992 0.04546875000000004
0 0.843 0.1463125 0.0362187500000001 0.04828125000000001
0 0.8933125000000001 0.406875 0.04024999999999999 0.041000000000000016
0 0.24221874999999998 0.136375 0.05625 0.04546874999999999
0 0.6242812499999999 0.42896875 0.03628125000000004 0.03978125000000006
0 0.58309375 0.34659375 0.039124999999999945 0.03409374999999999
0 0.44390625000000006 0.37640625000000005 0.03915624999999991 0.04828125000000001
0 0.2748749999999999 0.34659375 0.030656250000000006 0.03978124999999997
0 0.2875 0.9890625 0.0375 0.021875
0 0.50025 0.9099375000000001 0.040593750000000026 0.043906249999999855
0 0.484375 0.990625 0.03125 0.01875
0 0.4011875 0.5622812500000001 0.036125000000000004 0.036531249999999994
0 0.44178125 0.91346875 0.027999999999999935 0.032468749999999956
0 0.2946249999999999 0.9185625 0.025999999999999978 0.030437500000000027
0 0.39409375 0.64246875 0.030031250000000044 0.034500000000000065
0 0.7330312500000001 0.49428124999999995 0.03403124999999996 0.034500000000000065
0 0.5503750000000001 0.9053437499999999 0.046250000000000034 0.0487187500000001
0 0.603125 0.9796875 0.04375 0.040625
0 0.7203125 0.9859375 0.059375 0.028125
0 0.328125 0.8515625 0.028031249999999997 0.030437500000000027
0 0.7553750000000001 0.85459375 0.03806250000000002 0.040593750000000026
0 0.2743124999999999 0.7155625 0.04225000000000003 0.04668749999999999
0 0.5716875 0.98146875 0.03203125 0.034499999999999885
0 0.5390625 0.9875 0.028125 0.025
0 0.6498125000000001 0.74296875 0.046218750000000065 0.040593750000000026
0 0.7127500000000001 0.3735 0.03403124999999996 0.040593750000000026
0 0.02265625 0.68103125 0.030125000000000002 0.03856249999999992
0 0.81728125 0.79065625 0.027906249999999844 0.030437500000000027
0 0.810125 0.0640625 0.03674999999999997 0.053125
0 0.716375 0.2875 0.03674999999999997 0.05
0 0.58671875 0.2359375 0.04615624999999994 0.053125
0 0.666375 0.2125 0.043031249999999945 0.05
0 0.07115624999999995 0.6078125 0.040031250000000004 0.046875
0 0.31799999999999995 0.22334375 0.04093749999999998 0.04503124999999999
0 0.28328124999999993 0.28434375 0.04281249999999996 0.050687499999999996
0 0.5450625 0.19424999999999998 0.04087499999999995 0.028156249999999994
0 0.11253124999999997 0.42509375 0.042843750000000014 0.04315625000000001