0 0.12125 0.08671875 0.061281249999999995 0.06865625
0 0.23896875 0.0324375 0.054781250000000004 0.04325
0 0.03378125 0.20934375 0.060187500000000005 0.05687499999999999
0 0.15471875 0.2055625 0.06446874999999999 0.060125000000000005
0 0.22596875 0.11453125 0.05581250000000002 0.05628125000000002
0 0.348 0.0275625 0.06224999999999996 0.044343749999999994
0 0.07696875 0.32356250000000003 0.06018749999999999 0.053156249999999974
0 0.02190625 0.45103125000000005 0.0364375 0.04890624999999993
0 0.11909375 0.41593749999999996 0.05800000000000001 0.05428125000000002
0 0.22571875000000002 0.35353124999999996 0.060687499999999985 0.053718749999999996
0 0.2475625 0.22903125000000002 0.05581250000000004 0.04768749999999997
0 0.32018749999999996 0.13396875 0.0444375 0.05196874999999999
0 0.453 0.0340625 0.07246875 0.0573125
0 0.46865625 0.13965624999999998 0.07140625000000007 0.057906250000000006
0 0.5663750000000001 0.13396875 0.06165625000000006 0.05196874999999999
0 0.63953125 0.04325 0.062156249999999955 0.06487499999999999
0 0.711875 0.0931875 0.055656250000000004 0.073
0 0.6269375 0.18262499999999998 0.05568749999999998 0.06656250000000001
0 0.546125 0.26037499999999997 0.058937500000000045 0.06715625000000003
0 0.4181875 0.24740625 0.07303125000000002 0.06284374999999995
0 0.31803125 0.2981875 0.06171875 0.07800000000000003
0 0.8668437499999999 0.08078125 0.07396874999999987 0.058968750000000014
0 0.78584375 0.12209375 0.06318749999999991 0.049812499999999996
0 0.74671875 0.17178125 0.07671875000000003 0.06278125000000001
0 0.66140625 0.2855 0.07890625 0.06881250000000003
0 0.53559375 0.37621875000000005 0.05409375000000001 0.05587500000000003
0 0.4503125 0.34490625 0.05628124999999997 0.05803124999999998
0 0.35609375 0.42890625 0.06765625000000001 0.05862499999999997
0 0.27321875 0.47831250000000003 0.056343750000000005 0.07215624999999992
0 0.15659375 0.5423125 0.07365624999999998 0.04787499999999998
0 0.05725 0.6028125 0.069375 0.060875000000000054
0 0.965625 0.0796875 0.06875 0.065625
0 0.874125 0.21931250000000002 0.07234374999999993 0.07146875000000001
0 0.786125 0.24281250000000001 0.05834374999999996 0.05906250000000002
0 0.7043125 0.32384375 0.062124999999999986 0.04831250000000002
0 0.61496875 0.40028125000000003 0.07243750000000002 0.05537499999999995
0 0.46449999999999997 0.48075 0.06678125000000001 0.06684374999999995
0 0.35203125 0.53125 0.05415624999999995 0.052749999999999984
0 0.27349999999999997 0.63253125 0.06443750000000001 0.06631249999999991
0 0.184125 0.6641250000000001 0.07471874999999999 0.05931250000000006
0 0.14390624999999999 0.7670312499999999 0.06446874999999999 0.06531249999999993
0 0.41009375 0.5944375 0.06762499999999996 0.06034375000000001
0 0.53696875 0.5628437500000001 0.07300000000000004 0.06734375000000004
0 0.63090625 0.48265624999999995 0.06646874999999994 0.06349999999999997
0 0.73375 0.4094375 0.07237500000000008 0.06293749999999995
0 0.81175 0.33246875 0.05021875000000007 0.06559375000000003
0 0.9828125 0.2 0.034375 0.0625
0 0.8784375000000001 0.378125 0.0809687499999999 0.08668750000000003
0 0.8069062499999999 0.468875 0.07290625000000003 0.07378125000000005
0 0.7040625 0.54746875 0.06699999999999999 0.06356249999999992
0 0.458125 0.71328125 0.06653125000000007 0.06040624999999995
0 0.36840625 0.773625 0.06271874999999998 0.06940625000000003
0 0.23759375 0.8113125 0.06284375000000005 0.06750000000000007
0 0.028656250000000005 0.7889062499999999 0.04453125000000001 0.06043750000000001
0 0.09775 0.6849062499999999 0.053156250000000016 0.05228125000000006
0 0.20034375 0.94796875 0.06390624999999998 0.0708124999999999
0 0.33125 0.971875 0.05625 0.05625
0 0.6151875 0.73196875 0.06378125000000008 0.07446874999999994
0 0.843625 0.5439375 0.059937499999999845 0.06193749999999998
0 0.94240625 0.5134375 0.05234375 0.07109375
0 0.50428125 0.787 0.05625 0.07287499999999998
0 0.4030625 0.85371875 0.06440625000000004 0.06050000000000004
0 0.4840625 0.93365625 0.05356249999999996 0.047562500000000084
0 0.6849999999999999 0.8386875 0.06668749999999993 0.07903124999999997
0 0.590625 0.9875 0.0625 0.025
0 0.7359375 0.975 0.065625 0.05
0 0.8390625 0.8989375000000001 0.059937499999999845 0.06656249999999986
0 0.8004374999999999 0.728125 0.059937499999999935 0.07390624999999992
0 0.901375 0.73625 0.05668749999999996 0.07931249999999998
0 0.9459375 0.8518125 0.05396874999999994 0.07290625000000013
0 0.9109375 0.9734375 0.071875 0.053125
0 0.9921875 0.6328125 0.015625 0.059375
0 0.9540312500000001 0.31978125 0.059375 0.05640625000000003
0 0.139875 0.8971875 0.07259375000000001 0.05565624999999983
0 0.588875 0.8764062499999999 0.050718750000000055 0.048281250000000143
0 0.53996875 0.678125 0.04640625000000007 0.05625
0 0.6305625 0.603125 0.05890625000000007 0.0625
0 0.299375 0.89375 0.052718750000000016 0.0625
0 0.8390625 0.98125 0.053125 0.0375