0 0.9109375 0.0265625 0.040625 0.053125
0 0.6756249999999999 0.09709374999999998 0.06518750000000004 0.0663125
0 0.7863749999999999 0.07156249999999993 0.04643750000000004 0.06434375
0 0.69240625 0.29118750000000004 0.053468750000000044 0.05903124999999996
0 0.796125 0.19540624999999992 0.05812500000000007 0.06325
0 0.571875 0.00625 0.0625 0.0125
0 0.54421875 0.11640625 0.050406249999999986 0.062031249999999996
0 0.91234375 0.16546874999999997 0.04484375000000007 0.06887499999999998
0 0.7485625 0.42449999999999993 0.044906250000000016 0.059656249999999966
0 0.9828125 0.3484375 0.034375 0.053125
0 0.9339999999999999 0.43718749999999995 0.045250000000000054 0.046812500000000055
0 0.990625 0.7 0.01875 0.05
0 0.9921875 0.1375 0.015625 0.05625
0 0.8432187499999999 0.7365625000000001 0.058656249999999945 0.06443750000000001
0 0.45456250000000004 0.13121875000000002 0.05746874999999996 0.0628125
0 0.391375 0.04540624999999991 0.055937500000000015 0.06275
0 0.9002812499999999 0.32503125 0.04800000000000004 0.06037499999999998
0 0.7185625 0.21362500000000004 0.04337499999999998 0.05212500000000002
0 0.8215 0.5405625000000001 0.04646875000000002 0.05075000000000003
0 0.8891562499999999 0.653125 0.04528125000000003 0.05356249999999996
0 0.756 0.6230625 0.05584375000000001 0.06368749999999998
0 0.8513437500000001 0.8474374999999998 0.06415624999999991 0.06915624999999999
0 0.75940625 0.8585625 0.043906250000000036 0.05215625000000017
0 0.63375 0.5387812500000001 0.05440625000000008 0.07356250000000006
0 0.51859375 0.2255000000000001 0.059687500000000074 0.05568749999999998
0 0.938625 0.5788437500000001 0.052406249999999946 0.05759375000000002
0 0.85653125 0.48315625000000006 0.04646875000000002 0.05087499999999991
0 0.858 0.37753125 0.045656250000000044 0.046812500000000014
0 0.8037812499999999 0.29968749999999994 0.042593749999999986 0.04356249999999999
0 0.9685 0.8822187499999998 0.04371875000000003 0.04440625000000011