0 0.04053125000000009 0.029843750000000037 0.044937500000000005 0.048281250000000005
0 0.15700000000000003 0.03978125000000006 0.03921874999999999 0.045468749999999995
0 0.26778124999999997 0.08949999999999995 0.050562500000000024 0.04828125000000001
0 0.15840625 0.1377812499999999 0.042062500000000023 0.05965625000000001
0 0.04053125000000009 0.12640624999999997 0.05062500000000001 0.04828125000000001
0 0.07462499999999998 0.18890624999999997 0.05059374999999999 0.048281249999999984
0 0.021875 0.23125 0.04375 0.05625
0 0.009375 0.371875 0.01875 0.04375
0 0.5901875000000001 0.08949999999999995 0.04196875000000002 0.042625
0 0.9046875 0.015625 0.034375 0.03125
0 0.5234375 0.18609375000000003 0.039124999999999945 0.03693749999999998
0 0.4765625 0.27131249999999996 0.03631250000000001 0.03693749999999998
0 0.09024999999999998 0.39771874999999995 0.06481249999999998 0.051125000000000045
0 0.30043749999999997 0.33381249999999996 0.04771875000000003 0.04828124999999996
0 0.8390625 0.0125 0.040625 0.025
0 0.33168749999999997 0.17046875000000003 0.042031249999999964 0.03978125000000001
0 0.46662499999999996 0.10512499999999995 0.03915624999999991 0.04546874999999999
0 0.09593749999999997 0.034093750000000075 0.04206250000000002 0.039781250000000004
0 0.4359375 0.015625 0.040625 0.03125
0 0.984875 0.07528124999999992 0.03021874999999987 0.042625
0 0.7833437499999999 0.15484375000000003 0.03621875000000001 0.03693749999999998
0 0.7975312500000001 0.042624999999999955 0.04759375000000006 0.039781250000000004
0 0.7279375000000001 0.05396874999999994 0.04478124999999995 0.039781250000000004
0 0.515625 0 0.05 0
0 0.08171874999999992 0.28693749999999996 0.04775 0.04546875000000004
0 0.2984375 0.0109375 0.034375 0.021875
0 0.1875 0.0015625 0.0375 0.003125