0 0.38293750000000004 0.22584374999999995 0.053593750000000016 0.05396875000000001
0 0.8890625 0.0171875 0.046875 0.034375
0 0.9796875 0.0375 0.040625 0.05625
0 0.836 0.44175000000000003 0.039281250000000156 0.04828124999999996
0 0.73659375 0.5070937499999999 0.04499999999999993 0.03693749999999998
0 0.89709375 0.19459374999999995 0.047812499999999855 0.04262499999999998
0 0.85590625 0.6661874999999998 0.04496874999999996 0.042624999999999955
0 0.5221250000000001 0.22728125000000005 0.05356249999999996 0.04546875000000004
0 0.784875 0.16050000000000003 0.03931249999999995 0.03693749999999998
0 0.5974062499999999 0.2684687500000001 0.04503125000000008 0.03693749999999998
0 0.54628125 0.36506249999999996 0.050718750000000055 0.05965625000000001
0 0.75590625 0.9548749999999998 0.05784374999999997 0.038843749999999844
0 0.643 0.89296875 0.05059374999999999 0.051000000000000156
0 0.5555625 0.9573125000000001 0.03603124999999992 0.03399999999999999
0 0.49365625 0.8844687499999999 0.043343750000000014 0.048562499999999884
0 0.31759375 0.7883437499999999 0.05362499999999999 0.04828125000000005
0 0.32471875 0.8508437499999999 0.039406250000000045 0.03693750000000016
0 0.5476875 0.6264062500000002 0.04221874999999997 0.042624999999999955
0 0.07190625 0.7400625000000002 0.05084375000000001 0.05396874999999994
0 0.98125 0.9828125 0.0375 0.034375
0 0.64853125 0.359375 0.04503125000000008 0.042624999999999955
0 0.248 0.6107812500000002 0.04512499999999999 0.034093750000000075
0 0.9765625 0.7828125 0.046875 0.046875
0 0.62721875 0.17612500000000003 0.0421875 0.04546874999999999
0 0.12587500000000001 0.15484375000000003 0.05081250000000002 0.042625
0 0.8303437499999999 0.21875 0.04496874999999996 0.03978124999999999
0 0.8317500000000001 0.14915625000000005 0.04212500000000006 0.042625
0 0.9212187500000001 0.10368750000000002 0.04496874999999996 0.042625
0 0.9921875 0.2328125 0.015625 0.040625
0 0.9828125 0.4578125 0.034375 0.046875