0 0.90003125 0.07978125 0.07193749999999995 0.06578124999999999
0 0.8095312499999998 0.021156249999999998 0.060843750000000085 0.042281250000000006
0 0.7302812500000002 0.04340625 0.057656249999999964 0.0516875
0 0.79925 0.11374999999999999 0.057906249999999916 0.051718749999999994
0 0.9640625 0.26734375 0.05406249999999986 0.06118750000000004
0 0.7743749999999998 0.21371875 0.07256250000000009 0.058218749999999986
0 0.6913125000000001 0.13134375 0.055906249999999956 0.039999999999999994
0 0.8309374999999999 0.43728125 0.06206250000000004 0.05356249999999996
0 0.929625 0.45881249999999996 0.056093750000000143 0.05396874999999994
0 0.9806249999999999 0.42328124999999994 0.03874999999999993 0.05681250000000002
0 0.8941250000000001 0.18609375 0.06462499999999985 0.05396875000000001
0 0.13568750000000004 0.20596874999999998 0.036375000000000005 0.04262499999999998
0 0.13000000000000006 0.27131249999999996 0.036375000000000005 0.042624999999999955
0 0.2592499999999999 0.38778125 0.04487500000000004 0.03693749999999998
0 0.32743749999999994 0.45737500000000003 0.05053125000000005 0.04546875000000004
0 0.04053125000000009 0.12640625 0.044937500000000005 0.03693749999999998
0 0.08312500000000007 0.32671875 0.03925000000000001 0.03409374999999999
0 0.22515625000000003 0.5014062499999999 0.04487500000000004 0.042624999999999955
0 0.97103125 0.55165625 0.05487499999999983 0.05103124999999995
0 0.9155312500000001 0.6495625 0.06887499999999988 0.05931250000000006
0 0.8549375000000001 0.27615625 0.07268749999999997 0.05103124999999995
0 0.8884374999999999 0.3565 0.06696874999999984 0.04846874999999997