0 0.13000000000000006 0.58096875 0.053437499999999985 0.059656249999999925
0 0.046218750000000065 0.7798437500000001 0.03356250000000001 0.05396874999999994
0 0.1626875 0.7443125 0.044906250000000016 0.051125000000000045
0 0.27631250000000007 0.64915625 0.05625 0.059656249999999925
0 0.3671875 0.5923437500000001 0.05053125000000005 0.04828124999999996
0 0.47087500000000004 0.55540625 0.04765625 0.059656249999999925
0 0.59728125 0.29546875 0.03343749999999997 0.051124999999999955
0 0.10018750000000001 0.82528125 0.03921874999999999 0.048281250000000143
0 0.05615625000000009 0.8806875 0.04209375 0.05681249999999984
0 0.30896875 0.7556875 0.05906250000000002 0.05681250000000002
0 0.37712500000000004 0.69034375 0.04768749999999997 0.05681250000000002
0 0.56034375 0.6363749999999999 0.039124999999999945 0.04546875000000004
0 0.6796562500000001 0.45453124999999994 0.05046874999999993 0.0625
0 0.7719687499999999 0.45028125 0.036218749999999925 0.042624999999999955
0 0.7293749999999999 0.59090625 0.04193750000000005 0.05681250000000002
0 0.58165625 0.74290625 0.04196875000000002 0.042624999999999955
0 0.48790625 0.8508437499999999 0.03631250000000001 0.048281250000000143
0 0.37856249999999997 0.8338125 0.05053125000000005 0.042624999999999955
0 0.10303125000000009 0.91903125 0.04490625 0.048281250000000143
0 0.6484062500000001 0.60084375 0.04478124999999995 0.04828124999999996
0 0.16978124999999994 0.85653125 0.036375000000000005 0.048281250000000143
0 0.19674999999999992 0.8295312499999999 0.03921875000000001 0.051125000000000045
0 0.2024374999999999 0.90625 0.03353124999999999 0.045468749999999857
0 0.25215624999999997 0.88778125 0.03634374999999999 0.03693750000000016
0 0.24221874999999998 0.9588125 0.04487500000000004 0.048281250000000143
0 0.506375 0.45737500000000003 0.033468749999999936 0.05681250000000002
0 0.36293749999999997 0.9460312500000001 0.030656250000000006 0.0340937499999999
0 0.7563437499999999 0.7286875 0.03909374999999997 0.04828124999999996
0 0.85434375 0.5042500000000001 0.0362187500000001 0.04828124999999996
0 0.8628750000000001 0.7301249999999999 0.0419062499999999 0.051125000000000045
0 0.7805 0.66903125 0.036218749999999925 0.03693749999999998
0 0.69953125 0.8451562499999999 0.03340624999999999 0.03693750000000016
0 0.6484062500000001 0.69034375 0.03343749999999997 0.04546875000000004
0 0.6583437499999999 0.78978125 0.036250000000000074 0.034093750000000075
0 0.9282187499999999 0.7769999999999999 0.041874999999999926 0.042624999999999955
0 0.9046875 0.996875 0.034375 0.00625
0 0.9736562500000001 0.48862500000000003 0.03618750000000013 0.051125000000000045
0 0.764875 0.34943749999999996 0.04474999999999998 0.04546875000000004
0 0.9779062499999999 0.62784375 0.033343749999999873 0.03978125000000006
0 0.6029687500000002 0.8792500000000001 0.027749999999999986 0.042624999999999955
0 0.5717187499999999 0.953125 0.039124999999999945 0.042624999999999955
0 0.8390625 0.99375 0.040625 0.0125
0 0.5234375 0.9176249999999999 0.04481249999999992 0.03978125000000006
0 0.4268437499999999 0.6505625 0.033468749999999936 0.02840624999999992
0 0.8955312500000001 0.1306875 0.03903125000000003 0.04546874999999999
0 0.8785000000000001 0.42046875000000006 0.03337499999999984 0.03978125000000006
0 0.7705625000000002 0.5198750000000001 0.04474999999999998 0.04546875000000004
0 0.9381562500000001 0.69034375 0.03903125000000003 0.03978125000000006
0 0.8884374999999999 0.8494375 0.041874999999999926 0.03978125000000006
0 0.04906249999999997 0.6349375 0.03925000000000001 0.04828124999999996
0 0.4359375 0.99375 0.040625 0.0125
0 0.42828125000000006 0.9161875 0.041999999999999996 0.048281250000000143
0 0.9353124999999999 0.8664687499999999 0.04471874999999983 0.03978125000000006
0 0.8316250000000001 0.8366562500000001 0.0419062499999999 0.042624999999999955
0 0.7236875000000002 0.9744375 0.04193750000000005 0.03978125000000006
0 0.515625 0.9734375 0.05 0.053125
0 0.796125 0.9133437499999999 0.0390625 0.048281250000000143
0 0.2984375 0.990625 0.034375 0.01875
0 0.1875 0.9796875 0.0375 0.040625
0 0.8434687499999999 0.6135312500000001 0.044624999999999915 0.04975000000000005