0 0.624375 0.03978125000000006 0.03650000000000002 0.051125
0 0.6968125 0.05256249999999998 0.027968749999999966 0.0369375
0 0.72096875 0.12640624999999997 0.03646875000000005 0.042625
0 0.6627500000000001 0.1278437500000001 0.03365624999999994 0.04546874999999999
0 0.4875 0.009375 0.03125 0.01875
0 0.5235624999999999 0.06534375000000008 0.027999999999999935 0.039781250000000004
0 0.66840625 0.20171875000000003 0.03365624999999994 0.045468750000000016
0 0.73515625 0.25425000000000003 0.03646875000000005 0.05965625000000001
0 0.43550000000000005 0.2471562499999999 0.039406250000000045 0.051125000000000045
0 0.49515624999999996 0.16050000000000003 0.03368749999999991 0.04828125000000001
0 0.53915625 0.21306250000000002 0.030843750000000014 0.03978124999999999
0 0.61159375 0.25 0.03934374999999992 0.03978124999999997
0 0.57325 0.06534375000000008 0.036531249999999994 0.03409374999999999
0 0.56046875 0.30396874999999995 0.027999999999999935 0.051125000000000045
0 0.620125 0.3465937500000001 0.03934374999999992 0.051125000000000045
0 0.3275625 0.13353125000000005 0.039406250000000045 0.051125
0 0.3985625 0.15056250000000002 0.05074999999999998 0.05681250000000002
0 0.3857812500000001 0.06109375000000004 0.03656250000000001 0.048281250000000005
0 0.3275625 0.32243750000000004 0.04509375000000002 0.05396875000000003
0 0.6755312499999999 0.5085312500000001 0.0421875 0.051125000000000045
0 0.424125 0.54971875 0.05075000000000003 0.05396874999999994
0 0.5505312499999999 0.5511250000000001 0.036531249999999994 0.051125000000000045
0 0.5476875 0.7329687499999998 0.036531249999999994 0.051125000000000045
0 0.5988125 0.7741562500000001 0.03650000000000002 0.042624999999999955
0 0.66984375 0.7940312500000001 0.0421875 0.042624999999999955
0 0.77778125 0.48012499999999997 0.04784374999999992 0.03978125000000006
0 0.549125 0.43609375000000006 0.03937500000000007 0.04828124999999996
0 0.392875 0.4090937500000001 0.03371875000000002 0.051125000000000045
0 0.7791875 0.13209374999999995 0.03931249999999995 0.04828125000000001
0 0.43975 0.6548437499999998 0.03656249999999996 0.042624999999999955
0 0.486625 0.6832499999999999 0.028031250000000084 0.04828124999999996
0 0.37440625 0.6988749999999999 0.04793750000000001 0.04546875000000004
0 0.7039375 0.6179062500000001 0.03650000000000002 0.05396874999999994
0 0.78771875 0.7741562500000001 0.03931250000000004 0.05396874999999994
0 0.71103125 0.8792500000000001 0.03365624999999994 0.0596562500000001
0 0.3359375 0.0296875 0.046875 0.059375
0 0.109375 0.0203125 0.0375 0.040625
0 0.13721875 0.06109375000000004 0.03946874999999998 0.042625
0 0.588875 0.9332499999999999 0.03934374999999992 0.03693750000000016
0 0.43690625 0.8039687499999999 0.03656249999999996 0.04546874999999995
0 0.7948125 0.6179062500000001 0.03646875000000005 0.05396874999999994
0 0.8147187499999999 0.30396874999999995 0.047812499999999945 0.05681250000000002
0 0.28634375 0.234375 0.042281250000000006 0.05965625000000001
0 0.5164375 0.3125 0.030843750000000014 0.04546875000000004
0 0.66840625 0.40199999999999997 0.03934374999999992 0.04828124999999996
0 0.09603125000000001 0.18324999999999997 0.036625000000000005 0.05396875000000001
0 0.14290624999999998 0.2784062499999999 0.033781250000000006 0.04546875000000004
0 0.4695625 0.9559687499999999 0.03937500000000007 0.048281250000000143
0 0.1755625 0.11931250000000002 0.036625 0.051125
0 0.45112500000000005 0.37640624999999994 0.04221874999999997 0.05396874999999999