0 0.9225312500000001 0.9772812500000001 0.047562500000000084 0.03978125000000006
0 0.8813437499999999 0.8210312500000001 0.04471874999999983 0.04546874999999995
0 0.7250937499999999 0.8082499999999999 0.04478124999999995 0.04828125000000005
0 0.6967187500000002 0.7173437500000001 0.03909374999999997 0.03693749999999998
0 0.7520937499999999 0.69034375 0.036250000000000074 0.051125000000000045
0 0.28056249999999994 0.19175 0.04771875000000003 0.05396875000000001
0 0.5135 0.33806250000000004 0.04765625 0.04546875000000004
0 0.7506875000000001 0.36931250000000004 0.050437499999999955 0.03409374999999999
0 0.4794062500000001 0.22159374999999998 0.04765625 0.03978124999999997
0 0.5887499999999999 0.5610937500000001 0.039124999999999945 0.05396874999999994
0 0.5305312499999999 0.765625 0.04765625 0.042624999999999955
0 0.31890625000000006 0.9332499999999999 0.03918749999999997 0.03693750000000016
0 0.24221874999999998 0.89346875 0.04487500000000004 0.03693750000000016
0 0.06609374999999992 0.9417500000000001 0.03925000000000001 0.042624999999999955
0 0.13284374999999998 0.58521875 0.042062500000000023 0.03978125000000006
0 0.7478437499999998 0.073875 0.050437499999999955 0.03409374999999999
0 0.12149999999999998 0.0525625 0.042062500000000023 0.0369375
0 0.9282187499999999 0.41903125 0.041874999999999926 0.042624999999999955
0 0.14562500000000006 0.89609375 0.03590624999999999 0.03399999999999999
0 0.0015625 0.8359375 0.003125 0.046875
0 0.0015625 0.6859375 0.003125 0.040625
0 0.39418749999999997 0.40340625 0.059062499999999976 0.03978125000000001
0 0.37431249999999994 0.8536875 0.04768749999999997 0.03693750000000016